%Geographic coordinates of geomagnetic geomagnetic latitudes vs. geographic longitude derived by means of the APEX algorithm described on https://www.ngdc.noaa.gov/geomag/geom_util/apex.shtml
%Lon          Geodetic latitudes 
%         -70(mag) -65(mag) -60(mag) -55(mag) -50(mag) -45(mag) -40(mag) -35(mag) -30(mag) -25(mag) -20(mag) -15(mag) -10(mag) -5(mag) 0(mag) 5(mag) 10(mag) 15(mag) 20(mag) 25(mag) 30(mag) 35(mag) 40(mag) 45(mag) 50(mag) 55(mag) 60(mag) 65(mag) 70(mag) 
-180.00    -65.89   -60.25   -55.00   -49.93   -44.97   -40.09   -35.28   -30.53   -25.82   -21.16   -16.51   -11.83   -7.11   -2.30    2.63    7.69   12.92   18.28   23.74   29.22   34.66   39.98   45.15   50.17   55.03   59.78   64.44   69.07  73.74 
-179.00    -66.20   -60.51   -55.24   -50.15   -45.17   -40.28   -35.46   -30.70   -25.99   -21.32   -16.67   -11.99   -7.27   -2.47    2.46    7.53   12.75   18.11   23.57   29.05   34.51   39.84   45.03   50.05   54.93   59.68   64.35   68.99  73.66 
-178.00    -66.51   -60.77   -55.47   -50.37   -45.38   -40.47   -35.64   -30.87   -26.16   -21.49   -16.82   -12.15   -7.43   -2.62    2.30    7.37   12.59   17.95   23.41   28.90   34.36   39.71   44.90   49.94   54.83   59.58   64.26   68.91  73.58 
-177.00    -66.82   -61.04   -55.71   -50.59   -45.58   -40.67   -35.83   -31.05   -26.33   -21.64   -16.98   -12.30   -7.58   -2.78    2.14    7.21   12.42   17.78   23.24   28.75   34.21   39.56   44.77   49.81   54.71   59.48   64.17   68.81  73.49 
-176.00    -67.13   -61.31   -55.96   -50.82   -45.79   -40.86   -36.01   -31.22   -26.49   -21.80   -17.14   -12.46   -7.73   -2.93    1.99    7.05   12.26   17.62   23.08   28.58   34.05   39.41   44.63   49.69   54.59   59.38   64.07   68.72  73.41 
-175.00    -67.46   -61.58   -56.20   -51.04   -46.00   -41.06   -36.19   -31.40   -26.66   -21.96   -17.29   -12.61   -7.89   -3.08    1.84    6.90   12.11   17.46   22.92   28.43   33.90   39.27   44.49   49.56   54.48   59.26   63.96   68.63  73.31 
-174.00    -67.77   -61.86   -56.45   -51.27   -46.22   -41.26   -36.38   -31.57   -26.83   -22.12   -17.45   -12.75   -8.03   -3.22    1.69    6.74   11.95   17.29   22.76   28.26   33.74   39.12   44.36   49.43   54.36   59.15   63.86   68.53  73.22 
-173.00    -68.09   -62.13   -56.69   -51.49   -46.43   -41.46   -36.56   -31.75   -26.99   -22.28   -17.60   -12.91   -8.17   -3.37    1.54    6.59   11.80   17.14   22.59   28.11   33.59   38.97   44.22   49.30   54.23   59.04   63.75   68.43  73.12 
-172.00    -68.42   -62.41   -56.95   -51.72   -46.65   -41.66   -36.76   -31.92   -27.16   -22.44   -17.75   -13.05   -8.31   -3.51    1.40    6.45   11.64   16.99   22.44   27.95   33.42   38.82   44.06   49.16   54.10   58.91   63.64   68.33  73.03 
-171.00    -68.75   -62.68   -57.19   -51.96   -46.86   -41.86   -36.94   -32.11   -27.32   -22.60   -17.90   -13.20   -8.46   -3.65    1.26    6.31   11.49   16.84   22.29   27.79   33.27   38.66   43.92   49.02   53.97   58.79   63.53   68.22  72.93 
-170.00    -69.07   -62.97   -57.45   -52.19   -47.08   -42.06   -37.14   -32.28   -27.50   -22.75   -18.05   -13.34   -8.60   -3.79    1.13    6.16   11.36   16.69   22.13   27.63   33.11   38.50   43.76   48.87   53.83   58.67   63.41   68.10  72.83 
-169.00    -69.41   -63.24   -57.70   -52.43   -47.30   -42.27   -37.32   -32.46   -27.66   -22.92   -18.20   -13.48   -8.73   -3.92    0.99    6.03   11.21   16.54   21.98   27.47   32.95   38.34   43.61   48.73   53.70   58.53   63.28   67.99  72.72 
-168.00    -69.74   -63.53   -57.96   -52.66   -47.52   -42.47   -37.52   -32.64   -27.83   -23.07   -18.34   -13.62   -8.87   -4.05    0.86    5.90   11.07   16.39   21.82   27.31   32.78   38.18   43.45   48.58   53.55   58.40   63.16   67.88  72.62 
-167.00    -70.07   -63.81   -58.22   -52.90   -47.73   -42.68   -37.71   -32.82   -28.00   -23.23   -18.49   -13.76   -9.00   -4.18    0.73    5.77   10.94   16.25   21.67   27.15   32.63   38.02   43.29   48.42   53.40   58.27   63.04   67.76  72.50 
-166.00    -70.41   -64.11   -58.48   -53.14   -47.96   -42.89   -37.90   -33.00   -28.16   -23.38   -18.64   -13.90   -9.13   -4.31    0.60    5.63   10.80   16.11   21.52   27.00   32.46   37.86   43.14   48.26   53.25   58.13   62.90   67.64  72.39 
-165.00    -70.75   -64.39   -58.74   -53.38   -48.18   -43.09   -38.10   -33.18   -28.33   -23.54   -18.78   -14.04   -9.26   -4.44    0.48    5.51   10.67   15.97   21.37   26.84   32.30   37.69   42.97   48.11   53.11   57.98   62.77   67.51  72.28 
-164.00    -71.09   -64.68   -58.99   -53.62   -48.40   -43.30   -38.29   -33.36   -28.50   -23.70   -18.92   -14.17   -9.39   -4.56    0.35    5.38   10.54   15.83   21.22   26.68   32.14   37.53   42.80   47.95   52.95   57.83   62.63   67.38  72.15 
-163.00    -71.42   -64.96   -59.26   -53.86   -48.63   -43.52   -38.49   -33.54   -28.67   -23.85   -19.08   -14.30   -9.52   -4.69    0.23    5.26   10.41   15.69   21.08   26.52   31.97   37.36   42.64   47.78   52.79   57.68   62.49   67.26  72.04 
-162.00    -71.76   -65.25   -59.52   -54.10   -48.86   -43.72   -38.68   -33.73   -28.83   -24.01   -19.22   -14.44   -9.64   -4.81    0.11    5.13   10.28   15.55   20.92   26.37   31.80   37.19   42.47   47.61   52.63   57.53   62.35   67.12  71.91 
-161.00    -72.09   -65.54   -59.78   -54.34   -49.08   -43.94   -38.88   -33.91   -29.01   -24.16   -19.36   -14.58   -9.78   -4.93   -0.01    5.01   10.15   15.41   20.78   26.21   31.64   37.02   42.29   47.44   52.47   57.38   62.20   66.98  71.79 
-160.00    -72.43   -65.83   -60.04   -54.59   -49.31   -44.14   -39.08   -34.09   -29.18   -24.32   -19.50   -14.71   -9.90   -5.05   -0.13    4.89   10.02   15.28   20.63   26.05   31.47   36.85   42.11   47.27   52.30   57.21   62.05   66.85  71.65 
-159.00    -72.78   -66.12   -60.31   -54.84   -49.54   -44.36   -39.27   -34.28   -29.34   -24.48   -19.65   -14.85   -10.03   -5.17   -0.25    4.77    9.90   15.15   20.49   25.89   31.31   36.67   41.95   47.10   52.13   57.06   61.89   66.70  71.52 
-158.00    -73.11   -66.42   -60.57   -55.08   -49.77   -44.58   -39.47   -34.46   -29.51   -24.63   -19.80   -14.98   -10.15   -5.29   -0.37    4.65    9.77   15.01   20.34   25.74   31.14   36.50   41.77   46.92   51.96   56.89   61.74   66.56  71.39 
-157.00    -73.45   -66.71   -60.84   -55.33   -50.00   -44.79   -39.68   -34.64   -29.69   -24.79   -19.94   -15.11   -10.28   -5.41   -0.49    4.53    9.65   14.88   20.20   25.58   30.98   36.32   41.58   46.74   51.78   56.73   61.58   66.40  71.25 
-156.00    -73.77   -67.00   -61.11   -55.58   -50.23   -45.00   -39.88   -34.83   -29.85   -24.95   -20.08   -15.24   -10.40   -5.53   -0.60    4.41    9.53   14.75   20.05   25.43   30.81   36.15   41.41   46.56   51.61   56.55   61.42   66.25  71.11 
-155.00    -74.11   -67.29   -61.38   -55.83   -50.46   -45.22   -40.08   -35.02   -30.03   -25.11   -20.22   -15.38   -10.52   -5.65   -0.72    4.29    9.40   14.61   19.91   25.27   30.63   35.97   41.23   46.38   51.43   56.38   61.25   66.10  70.96 
-154.00    -74.44   -67.59   -61.65   -56.08   -50.69   -45.44   -40.28   -35.20   -30.20   -25.26   -20.37   -15.50   -10.65   -5.76   -0.83    4.18    9.28   14.48   19.77   25.11   30.47   35.79   41.04   46.19   51.24   56.21   61.09   65.94  70.81 
-153.00    -74.75   -67.88   -61.91   -56.32   -50.93   -45.66   -40.48   -35.39   -30.37   -25.42   -20.51   -15.64   -10.77   -5.88   -0.95    4.06    9.15   14.35   19.63   24.96   30.30   35.61   40.85   46.01   51.06   56.02   60.92   65.78  70.67 
-152.00    -75.08   -68.16   -62.18   -56.57   -51.16   -45.88   -40.68   -35.58   -30.54   -25.57   -20.66   -15.78   -10.90   -6.00   -1.07    3.94    9.03   14.22   19.48   24.80   30.13   35.43   40.67   45.82   50.87   55.84   60.75   65.62  70.51 
-151.00    -75.40   -68.45   -62.45   -56.82   -51.40   -46.09   -40.89   -35.77   -30.72   -25.73   -20.80   -15.91   -11.02   -6.12   -1.18    3.83    8.91   14.08   19.34   24.64   29.96   35.25   40.48   45.63   50.69   55.66   60.57   65.45  70.37 
-150.00    -75.71   -68.73   -62.71   -57.08   -51.63   -46.32   -41.09   -35.95   -30.89   -25.89   -20.95   -16.04   -11.15   -6.24   -1.30    3.71    8.79   13.95   19.19   24.48   29.79   35.06   40.29   45.44   50.49   55.48   60.39   65.28  70.21 
-149.00    -76.02   -69.01   -62.98   -57.32   -51.87   -46.54   -41.30   -36.14   -31.06   -26.05   -21.10   -16.18   -11.27   -6.36   -1.41    3.59    8.66   13.82   19.04   24.32   29.61   34.88   40.10   45.24   50.30   55.29   60.22   65.12  70.04 
-148.00    -76.33   -69.31   -63.25   -57.58   -52.11   -46.76   -41.50   -36.33   -31.24   -26.21   -21.24   -16.31   -11.39   -6.48   -1.52    3.47    8.54   13.69   18.90   24.16   29.44   34.70   39.91   45.05   50.11   55.10   60.03   64.94  69.88 
-147.00    -76.63   -69.58   -63.52   -57.83   -52.34   -46.98   -41.71   -36.53   -31.41   -26.37   -21.39   -16.44   -11.52   -6.59   -1.64    3.35    8.42   13.56   18.75   24.00   29.26   34.52   39.72   44.85   49.91   54.90   59.84   64.76  69.72 
-146.00    -76.92   -69.86   -63.78   -58.08   -52.58   -47.20   -41.92   -36.71   -31.59   -26.53   -21.53   -16.57   -11.64   -6.71   -1.76    3.24    8.30   13.42   18.60   23.84   29.09   34.33   39.53   44.65   49.71   54.71   59.65   64.58  69.55 
-145.00    -77.21   -70.14   -64.05   -58.34   -52.82   -47.43   -42.13   -36.91   -31.77   -26.69   -21.68   -16.71   -11.76   -6.83   -1.87    3.12    8.17   13.29   18.46   23.68   28.92   34.15   39.33   44.45   49.52   54.51   59.47   64.41  69.38 
-144.00    -77.50   -70.42   -64.31   -58.58   -53.05   -47.65   -42.33   -37.09   -31.94   -26.85   -21.82   -16.84   -11.89   -6.95   -1.99    3.00    8.05   13.15   18.32   23.52   28.75   33.96   39.13   44.26   49.31   54.31   59.28   64.22  69.21 
-143.00    -77.77   -70.69   -64.58   -58.83   -53.30   -47.87   -42.54   -37.29   -32.11   -27.01   -21.97   -16.98   -12.02   -7.07   -2.11    2.89    7.93   13.02   18.18   23.36   28.57   33.77   38.94   44.05   49.11   54.11   59.08   64.04  69.03 
-142.00    -78.05   -70.95   -64.84   -59.09   -53.53   -48.10   -42.75   -37.48   -32.29   -27.17   -22.12   -17.11   -12.14   -7.19   -2.22    2.77    7.80   12.89   18.02   23.20   28.40   33.58   38.74   43.85   48.91   53.91   58.88   63.85  68.86 
-141.00    -78.32   -71.22   -65.09   -59.34   -53.77   -48.32   -42.96   -37.68   -32.47   -27.34   -22.26   -17.25   -12.27   -7.31   -2.34    2.65    7.68   12.76   17.88   23.04   28.22   33.40   38.55   43.65   48.70   53.71   58.68   63.66  68.68 
-140.00    -78.58   -71.49   -65.35   -59.59   -54.01   -48.55   -43.17   -37.87   -32.65   -27.50   -22.41   -17.38   -12.39   -7.42   -2.45    2.53    7.56   12.62   17.73   22.88   28.05   33.21   38.35   43.44   48.49   53.50   58.49   63.47  68.49 
-139.00    -78.83   -71.74   -65.61   -59.84   -54.25   -48.77   -43.38   -38.06   -32.82   -27.66   -22.56   -17.52   -12.51   -7.54   -2.57    2.42    7.43   12.49   17.59   22.72   27.88   33.02   38.15   43.24   48.29   53.30   58.29   63.28  68.31 
-138.00    -79.08   -72.00   -65.86   -60.09   -54.49   -49.00   -43.59   -38.26   -33.01   -27.82   -22.71   -17.65   -12.64   -7.66   -2.68    2.30    7.31   12.35   17.44   22.56   27.70   32.84   37.96   43.04   48.08   53.09   58.08   63.08  68.12 
-137.00    -79.32   -72.25   -66.12   -60.34   -54.73   -49.23   -43.81   -38.46   -33.19   -27.99   -22.86   -17.79   -12.76   -7.77   -2.80    2.18    7.19   12.22   17.30   22.40   27.53   32.65   37.76   42.84   47.88   52.89   57.88   62.89  67.94 
-136.00    -79.56   -72.50   -66.37   -60.58   -54.97   -49.46   -44.02   -38.66   -33.37   -28.15   -23.00   -17.92   -12.89   -7.89   -2.92    2.06    7.06   12.09   17.15   22.24   27.35   32.46   37.56   42.63   47.67   52.68   57.68   62.69  67.76 
-135.00    -79.78   -72.74   -66.61   -60.83   -55.21   -49.68   -44.24   -38.86   -33.55   -28.31   -23.15   -18.06   -13.02   -8.01   -3.03    1.95    6.94   11.96   17.01   22.08   27.18   32.28   37.36   42.42   47.46   52.47   57.47   62.48  67.56 
-134.00    -80.00   -72.99   -66.86   -61.08   -55.44   -49.91   -44.46   -39.05   -33.73   -28.48   -23.31   -18.19   -13.14   -8.13   -3.15    1.83    6.82   11.83   16.86   21.93   27.01   32.09   37.16   42.22   47.25   52.26   57.26   62.29  67.37 
-133.00    -80.23   -73.22   -67.11   -61.32   -55.69   -50.14   -44.66   -39.26   -33.91   -28.65   -23.45   -18.33   -13.27   -8.25   -3.27    1.71    6.69   11.69   16.72   21.77   26.84   31.91   36.97   42.02   47.04   52.05   57.06   62.09  67.18 
-132.00    -80.43   -73.46   -67.35   -61.56   -55.92   -50.37   -44.88   -39.46   -34.10   -28.81   -23.61   -18.47   -13.39   -8.37   -3.38    1.59    6.57   11.56   16.58   21.61   26.66   31.72   36.78   41.81   46.83   51.84   56.85   61.89  66.98 
-131.00    -80.63   -73.68   -67.58   -61.80   -56.16   -50.60   -45.10   -39.66   -34.29   -28.99   -23.76   -18.61   -13.53   -8.49   -3.50    1.48    6.45   11.43   16.43   21.45   26.49   31.54   36.58   41.61   46.62   51.63   56.64   61.68  66.78 
-130.00    -80.83   -73.90   -67.81   -62.03   -56.40   -50.83   -45.32   -39.87   -34.47   -29.16   -23.92   -18.75   -13.66   -8.62   -3.62    1.36    6.32   11.30   16.29   21.29   26.32   31.35   36.38   41.40   46.41   51.42   56.43   61.48  66.59 
-129.00    -81.02   -74.13   -68.05   -62.27   -56.63   -51.07   -45.54   -40.07   -34.67   -29.33   -24.07   -18.89   -13.79   -8.74   -3.74    1.24    6.20   11.16   16.14   21.14   26.15   31.17   36.19   41.20   46.21   51.21   56.22   61.28  66.40 
-128.00    -81.20   -74.34   -68.28   -62.51   -56.87   -51.29   -45.76   -40.27   -34.85   -29.50   -24.23   -19.03   -13.92   -8.86   -3.86    1.12    6.07   11.03   16.00   20.98   25.98   30.98   35.99   41.00   46.00   51.00   56.02   61.07  66.20 
-127.00    -81.38   -74.55   -68.51   -62.74   -57.10   -51.52   -45.98   -40.48   -35.04   -29.68   -24.39   -19.18   -14.05   -8.99   -3.98    0.99    5.95   10.90   15.85   20.82   25.81   30.80   35.80   40.79   45.79   50.79   55.81   60.87  66.00 
-126.00    -81.55   -74.75   -68.72   -62.97   -57.34   -51.75   -46.20   -40.69   -35.24   -29.85   -24.55   -19.32   -14.18   -9.11   -4.10    0.87    5.82   10.76   15.71   20.67   25.64   30.62   35.61   40.59   45.58   50.58   55.60   60.66  65.80 
-125.00    -81.72   -74.95   -68.94   -63.19   -57.56   -51.98   -46.42   -40.90   -35.43   -30.03   -24.71   -19.47   -14.32   -9.24   -4.23    0.74    5.69   10.63   15.56   20.51   25.47   30.44   35.42   40.39   45.38   50.37   55.39   60.46  65.60 
-124.00    -81.87   -75.15   -69.15   -63.42   -57.80   -52.21   -46.64   -41.11   -35.63   -30.22   -24.87   -19.63   -14.46   -9.37   -4.35    0.62    5.56   10.49   15.42   20.36   25.30   30.26   35.22   40.19   45.17   50.16   55.18   60.26  65.41 
-123.00    -82.03   -75.35   -69.36   -63.65   -58.02   -52.43   -46.87   -41.33   -35.83   -30.40   -25.04   -19.78   -14.60   -9.51   -4.48    0.50    5.43   10.35   15.27   20.20   25.13   30.08   35.03   39.99   44.97   49.96   54.98   60.05  65.21 
-122.00    -82.18   -75.53   -69.57   -63.87   -58.25   -52.66   -47.09   -41.54   -36.03   -30.58   -25.21   -19.94   -14.74   -9.65   -4.61    0.36    5.30   10.22   15.13   20.04   24.96   29.90   34.84   39.80   44.76   49.75   54.78   59.85  65.01 
-121.00    -82.32   -75.72   -69.78   -64.08   -58.47   -52.89   -47.31   -41.76   -36.23   -30.77   -25.38   -20.09   -14.90   -9.79   -4.75    0.23    5.17   10.08   14.98   19.88   24.79   29.72   34.65   39.60   44.56   49.55   54.57   59.65  64.81 
-120.00    -82.46   -75.89   -69.98   -64.29   -58.69   -53.11   -47.53   -41.97   -36.43   -30.96   -25.56   -20.25   -15.04   -9.93   -4.89    0.09    5.03    9.93   14.83   19.73   24.63   29.54   34.47   39.41   44.36   49.34   54.36   59.45  64.62 
-119.00    -82.60   -76.06   -70.17   -64.51   -58.91   -53.33   -47.76   -42.19   -36.64   -31.15   -25.74   -20.42   -15.20   -10.07   -5.03   -0.05    4.88    9.78   14.68   19.56   24.46   29.36   34.28   39.21   44.16   49.14   54.16   59.26  64.43 
-118.00    -82.73   -76.23   -70.36   -64.71   -59.12   -53.56   -47.98   -42.40   -36.85   -31.35   -25.92   -20.59   -15.36   -10.22   -5.17   -0.19    4.74    9.64   14.52   19.40   24.28   29.18   34.09   39.02   43.96   48.94   53.97   59.05  64.24 
-117.00    -82.85   -76.40   -70.55   -64.91   -59.34   -53.78   -48.20   -42.62   -37.06   -31.54   -26.11   -20.77   -15.52   -10.38   -5.32   -0.34    4.60    9.49   14.37   19.24   24.12   29.00   33.90   38.82   43.77   48.75   53.77   58.86  64.04 
-116.00    -82.97   -76.57   -70.73   -65.11   -59.56   -54.00   -48.42   -42.83   -37.27   -31.75   -26.29   -20.94   -15.69   -10.53   -5.47   -0.49    4.44    9.34   14.21   19.08   23.94   28.82   33.72   38.63   43.57   48.55   53.58   58.67  63.85 
-115.00    -83.08   -76.71   -70.91   -65.30   -59.76   -54.21   -48.64   -43.06   -37.48   -31.95   -26.49   -21.12   -15.85   -10.69   -5.63   -0.64    4.29    9.18   14.05   18.91   23.77   28.65   33.54   38.45   43.39   48.36   53.38   58.48  63.67 
-114.00    -83.19   -76.87   -71.08   -65.49   -59.97   -54.42   -48.86   -43.28   -37.69   -32.15   -26.68   -21.30   -16.03   -10.87   -5.79   -0.80    4.14    9.02   13.88   18.75   23.60   28.47   33.35   38.25   43.19   48.17   53.19   58.29  63.49 
-113.00    -83.32   -77.01   -71.26   -65.68   -60.16   -54.63   -49.08   -43.49   -37.91   -32.36   -26.88   -21.49   -16.21   -11.03   -5.96   -0.96    3.97    8.86   13.72   18.57   23.43   28.29   33.17   38.07   43.00   47.98   53.00   58.10  63.31 
-112.00    -83.42   -77.16   -71.42   -65.87   -60.36   -54.84   -49.29   -43.71   -38.12   -32.57   -27.08   -21.68   -16.40   -11.21   -6.13   -1.13    3.80    8.70   13.55   18.40   23.25   28.11   32.99   37.88   42.81   47.79   52.82   57.93  63.13 
-111.00    -83.51   -77.31   -71.58   -66.04   -60.56   -55.05   -49.51   -43.93   -38.34   -32.78   -27.28   -21.88   -16.58   -11.39   -6.30   -1.30    3.64    8.52   13.39   18.23   23.08   27.93   32.80   37.71   42.63   47.61   52.64   57.74  62.96 
-110.00    -83.61   -77.44   -71.74   -66.22   -60.75   -55.25   -49.72   -44.14   -38.56   -32.99   -27.49   -22.08   -16.77   -11.58   -6.48   -1.48    3.46    8.35   13.21   18.06   22.90   27.76   32.63   37.52   42.46   47.43   52.46   57.58  62.79 
-109.00    -83.70   -77.57   -71.90   -66.39   -60.93   -55.45   -49.92   -44.36   -38.78   -33.21   -27.70   -22.28   -16.97   -11.77   -6.67   -1.66    3.28    8.17   13.04   17.88   22.72   27.57   32.45   37.34   42.27   47.25   52.29   57.40  62.62 
-108.00    -83.79   -77.70   -72.04   -66.56   -61.12   -55.65   -50.13   -44.57   -38.99   -33.42   -27.91   -22.49   -17.17   -11.96   -6.86   -1.84    3.10    7.99   12.85   17.70   22.54   27.40   32.26   37.17   42.10   47.07   52.11   57.24  62.46 
-107.00    -83.88   -77.82   -72.19   -66.73   -61.29   -55.84   -50.34   -44.79   -39.21   -33.64   -28.13   -22.70   -17.38   -12.16   -7.05   -2.03    2.91    7.81   12.67   17.52   22.37   27.22   32.09   36.99   41.92   46.90   51.95   57.07  62.30 
-106.00    -83.96   -77.94   -72.33   -66.88   -61.47   -56.03   -50.54   -45.00   -39.42   -33.86   -28.35   -22.91   -17.59   -12.37   -7.25   -2.23    2.72    7.62   12.49   17.34   22.18   27.04   31.91   36.81   41.75   46.74   51.79   56.92  62.15 
-105.00    -84.04   -78.06   -72.47   -67.04   -61.64   -56.22   -50.74   -45.20   -39.63   -34.08   -28.56   -23.13   -17.80   -12.58   -7.46   -2.43    2.52    7.43   12.30   17.16   22.01   26.86   31.75   36.65   41.58   46.58   51.63   56.76  62.00 
-104.00    -84.13   -78.17   -72.61   -67.19   -61.81   -56.39   -50.93   -45.41   -39.85   -34.30   -28.78   -23.35   -18.01   -12.79   -7.67   -2.63    2.33    7.24   12.12   16.97   21.83   26.69   31.57   36.48   41.43   46.42   51.48   56.61  61.85 
-103.00    -84.20   -78.28   -72.74   -67.33   -61.97   -56.57   -51.12   -45.61   -40.07   -34.51   -29.00   -23.57   -18.23   -13.00   -7.88   -2.84    2.13    7.04   11.92   16.79   21.65   26.51   31.40   36.32   41.27   46.26   51.33   56.47  61.72 
-102.00    -84.27   -78.39   -72.86   -67.48   -62.13   -56.74   -51.30   -45.81   -40.27   -34.73   -29.22   -23.79   -18.45   -13.23   -8.09   -3.05    1.92    6.84   11.73   16.60   21.47   26.34   31.24   36.16   41.11   46.12   51.18   56.33  61.59 
-101.00    -84.33   -78.49   -72.99   -67.62   -62.28   -56.91   -51.49   -46.00   -40.48   -34.94   -29.45   -24.01   -18.68   -13.44   -8.31   -3.26    1.71    6.64   11.53   16.41   21.28   26.17   31.07   36.00   40.96   45.97   51.05   56.21  61.46 
-100.00    -84.40   -78.59   -73.11   -67.75   -62.43   -57.08   -51.66   -46.20   -40.68   -35.16   -29.66   -24.24   -18.90   -13.67   -8.53   -3.48    1.50    6.44   11.34   16.23   21.11   26.00   30.91   35.84   40.82   45.84   50.92   56.08  61.34 
-99.00    -84.47   -78.69   -73.22   -67.88   -62.56   -57.23   -51.84   -46.38   -40.88   -35.36   -29.88   -24.46   -19.13   -13.90   -8.76   -3.70    1.29    6.24   11.15   16.04   20.93   25.83   30.75   35.70   40.68   45.71   50.80   55.96  61.22 
-98.00    -84.53   -78.78   -73.33   -68.00   -62.71   -57.38   -52.00   -46.56   -41.08   -35.57   -30.10   -24.68   -19.35   -14.11   -8.98   -3.92    1.08    6.03   10.95   15.85   20.75   25.67   30.60   35.55   40.55   45.58   50.68   55.85  61.12 
-97.00    -84.60   -78.87   -73.44   -68.13   -62.84   -57.53   -52.16   -46.74   -41.26   -35.78   -30.31   -24.90   -19.57   -14.34   -9.19   -4.13    0.87    5.82   10.75   15.67   20.59   25.51   30.46   35.42   40.42   45.46   50.57   55.75  61.02 
-96.00    -84.65   -78.96   -73.54   -68.24   -62.97   -57.67   -52.32   -46.91   -41.45   -35.98   -30.52   -25.12   -19.80   -14.56   -9.42   -4.35    0.66    5.62   10.56   15.49   20.42   25.36   30.31   35.29   40.30   45.35   50.46   55.66  60.94 
-95.00    -84.71   -79.03   -73.64   -68.36   -63.09   -57.81   -52.47   -47.08   -41.63   -36.17   -30.73   -25.33   -20.01   -14.78   -9.64   -4.57    0.45    5.42   10.38   15.31   20.26   25.21   30.17   35.16   40.18   45.25   50.37   55.57  60.85 
-94.00    -84.76   -79.12   -73.74   -68.46   -63.21   -57.95   -52.62   -47.24   -41.80   -36.36   -30.92   -25.54   -20.23   -15.00   -9.86   -4.78    0.24    5.22   10.19   15.14   20.10   25.06   30.04   35.04   40.08   45.15   50.29   55.48  60.78 
-93.00    -84.80   -79.20   -73.83   -68.57   -63.33   -58.07   -52.76   -47.39   -41.98   -36.54   -31.12   -25.74   -20.44   -15.22   -10.07   -4.99    0.04    5.03   10.00   14.97   19.94   24.92   29.92   34.94   39.98   45.07   50.21   55.42  60.71 
-92.00    -84.85   -79.27   -73.92   -68.67   -63.44   -58.19   -52.89   -47.54   -42.14   -36.72   -31.31   -25.95   -20.65   -15.43   -10.29   -5.20   -0.16    4.84    9.83   14.81   19.79   24.79   29.80   34.84   39.90   44.99   50.14   55.35  60.65 
-91.00    -84.90   -79.35   -74.01   -68.76   -63.54   -58.31   -53.02   -47.68   -42.29   -36.89   -31.49   -26.14   -20.85   -15.64   -10.49   -5.40   -0.35    4.66    9.66   14.65   19.66   24.67   29.70   34.74   39.82   44.92   50.08   55.29  60.60 
-90.00    -84.94   -79.41   -74.08   -68.85   -63.65   -58.42   -53.15   -47.82   -42.44   -37.05   -31.67   -26.33   -21.04   -15.83   -10.68   -5.60   -0.55    4.48    9.49   14.51   19.53   24.56   29.60   34.66   39.74   44.87   50.03   55.25  60.56 
-89.00    -84.99   -79.48   -74.17   -68.94   -63.74   -58.52   -53.26   -47.95   -42.58   -37.20   -31.84   -26.51   -21.23   -16.02   -10.88   -5.78   -0.72    4.31    9.34   14.37   19.40   24.45   29.52   34.59   39.68   44.81   49.99   55.22  60.53 
-88.00    -85.03   -79.54   -74.24   -69.02   -63.83   -58.62   -53.37   -48.06   -42.72   -37.35   -32.00   -26.67   -21.41   -16.20   -11.05   -5.96   -0.89    4.16    9.20   14.24   19.29   24.36   29.44   34.53   39.64   44.78   49.96   55.19  60.51 
-87.00    -85.07   -79.60   -74.32   -69.10   -63.92   -58.71   -53.47   -48.18   -42.84   -37.49   -32.15   -26.83   -21.57   -16.37   -11.23   -6.12   -1.05    4.01    9.06   14.13   19.19   24.28   29.38   34.48   39.60   44.75   49.94   55.18  60.49 
-86.00    -85.11   -79.66   -74.39   -69.18   -64.00   -58.80   -53.56   -48.28   -42.96   -37.62   -32.29   -26.99   -21.73   -16.54   -11.39   -6.28   -1.19    3.88    8.95   14.02   19.11   24.21   29.33   34.44   39.58   44.74   49.93   55.17  60.48 
-85.00    -85.14   -79.72   -74.45   -69.25   -64.07   -58.88   -53.65   -48.38   -43.06   -37.74   -32.41   -27.13   -21.88   -16.68   -11.54   -6.42   -1.33    3.76    8.84   13.94   19.04   24.16   29.29   34.42   39.57   44.73   49.93   55.18  60.49 
-84.00    -85.18   -79.78   -74.51   -69.32   -64.14   -58.96   -53.73   -48.47   -43.17   -37.85   -32.54   -27.25   -22.01   -16.81   -11.67   -6.55   -1.45    3.64    8.74   13.87   18.99   24.12   29.27   34.41   39.57   44.74   49.95   55.19  60.51 
-83.00    -85.21   -79.82   -74.57   -69.38   -64.21   -59.02   -53.81   -48.55   -43.26   -37.95   -32.64   -27.37   -22.14   -16.94   -11.79   -6.66   -1.55    3.56    8.67   13.80   18.95   24.10   29.26   34.42   39.59   44.76   49.97   55.21  60.53 
-82.00    -85.24   -79.87   -74.63   -69.44   -64.27   -59.08   -53.87   -48.62   -43.34   -38.03   -32.74   -27.47   -22.24   -17.05   -11.90   -6.76   -1.64    3.48    8.62   13.76   18.93   24.09   29.27   34.44   39.61   44.79   50.00   55.25  60.56 
-81.00    -85.27   -79.92   -74.68   -69.49   -64.32   -59.15   -53.94   -48.68   -43.40   -38.12   -32.82   -27.56   -22.33   -17.14   -11.98   -6.85   -1.71    3.42    8.58   13.74   18.93   24.11   29.30   34.48   39.66   44.84   50.05   55.29  60.60 
-80.00    -85.30   -79.96   -74.73   -69.55   -64.38   -59.20   -53.98   -48.74   -43.46   -38.18   -32.89   -27.64   -22.41   -17.22   -12.05   -6.91   -1.76    3.39    8.56   13.74   18.94   24.15   29.34   34.53   39.72   44.91   50.11   55.35  60.65 
-79.00    -85.33   -80.00   -74.77   -69.59   -64.42   -59.24   -54.03   -48.79   -43.52   -38.23   -32.96   -27.69   -22.47   -17.28   -12.10   -6.95   -1.79    3.38    8.56   13.76   18.98   24.20   29.41   34.60   39.78   44.98   50.18   55.41  60.71 
-78.00    -85.35   -80.04   -74.81   -69.64   -64.46   -59.28   -54.06   -48.82   -43.55   -38.27   -33.00   -27.74   -22.51   -17.31   -12.14   -6.97   -1.80    3.39    8.58   13.81   19.04   24.26   29.48   34.69   39.88   45.06   50.26   55.49  60.78 
-77.00    -85.39   -80.08   -74.86   -69.67   -64.49   -59.31   -54.09   -48.85   -43.58   -38.31   -33.02   -27.77   -22.54   -17.33   -12.15   -6.97   -1.79    3.42    8.64   13.87   19.12   24.36   29.58   34.78   39.98   45.16   50.34   55.58  60.86 
-76.00    -85.41   -80.12   -74.90   -69.71   -64.53   -59.33   -54.12   -48.87   -43.60   -38.32   -33.04   -27.78   -22.55   -17.33   -12.14   -6.95   -1.75    3.47    8.71   13.96   19.22   24.47   29.70   34.91   40.09   45.27   50.45   55.67  60.95 
-75.00    -85.43   -80.15   -74.93   -69.74   -64.55   -59.35   -54.13   -48.87   -43.60   -38.32   -33.04   -27.78   -22.54   -17.32   -12.11   -6.91   -1.69    3.55    8.80   14.07   19.35   24.60   29.83   35.04   40.22   45.39   50.56   55.77  61.04 
-74.00    -85.45   -80.18   -74.96   -69.76   -64.57   -59.36   -54.14   -48.87   -43.60   -38.31   -33.02   -27.76   -22.51   -17.28   -12.06   -6.83   -1.60    3.65    8.93   14.21   19.49   24.76   29.99   35.19   40.36   45.52   50.69   55.89  61.14 
-73.00    -85.47   -80.21   -74.99   -69.79   -64.59   -59.38   -54.14   -48.86   -43.58   -38.28   -32.99   -27.72   -22.46   -17.22   -11.98   -6.74   -1.48    3.79    9.07   14.37   19.66   24.93   30.16   35.35   40.52   45.66   50.81   56.00  61.24 
-72.00    -85.48   -80.23   -75.01   -69.81   -64.60   -59.38   -54.13   -48.84   -43.55   -38.24   -32.95   -27.65   -22.39   -17.13   -11.88   -6.62   -1.35    3.95    9.24   14.56   19.85   25.13   30.35   35.54   40.68   45.82   50.96   56.13  61.36 
-71.00    -85.51   -80.25   -75.03   -69.82   -64.60   -59.37   -54.11   -48.82   -43.51   -38.19   -32.88   -27.58   -22.29   -17.02   -11.75   -6.47   -1.18    4.13    9.45   14.77   20.07   25.34   30.56   35.73   40.87   45.98   51.10   56.26  61.48 
-70.00    -85.52   -80.28   -75.05   -69.83   -64.60   -59.36   -54.07   -48.78   -43.46   -38.13   -32.80   -27.48   -22.18   -16.88   -11.60   -6.30   -0.99    4.34    9.68   15.01   20.32   25.57   30.78   35.94   41.06   46.16   51.27   56.41  61.61 
-69.00    -85.54   -80.29   -75.07   -69.84   -64.60   -59.34   -54.04   -48.72   -43.39   -38.04   -32.70   -27.36   -22.04   -16.73   -11.41   -6.10   -0.77    4.58    9.94   15.27   20.57   25.82   31.02   36.16   41.27   46.34   51.43   56.56  61.75 
-68.00    -85.55   -80.32   -75.08   -69.84   -64.59   -59.31   -54.00   -48.66   -43.31   -37.95   -32.58   -27.23   -21.88   -16.55   -11.21   -5.87   -0.52    4.85   10.22   15.55   20.85   26.09   31.28   36.40   41.47   46.54   51.60   56.71  61.89 
-67.00    -85.56   -80.33   -75.09   -69.84   -64.57   -59.28   -53.95   -48.59   -43.22   -37.83   -32.44   -27.06   -21.70   -16.34   -10.98   -5.61   -0.24    5.15   10.52   15.86   21.16   26.39   31.55   36.64   41.70   46.74   51.78   56.87  62.03 
-66.00    -85.57   -80.34   -75.11   -69.84   -64.55   -59.23   -53.88   -48.51   -43.11   -37.70   -32.29   -26.89   -21.49   -16.11   -10.72   -5.32    0.08    5.47   10.85   16.19   21.47   26.69   31.83   36.90   41.93   46.94   51.97   57.04  62.19 
-65.00    -85.58   -80.36   -75.11   -69.83   -64.52   -59.18   -53.82   -48.41   -42.99   -37.55   -32.12   -26.68   -21.26   -15.85   -10.43   -5.01    0.41    5.83   11.20   16.54   21.81   27.01   32.12   37.17   42.17   47.15   52.16   57.20  62.34 
-64.00    -85.59   -80.36   -75.11   -69.82   -64.49   -59.13   -53.73   -48.30   -42.86   -37.39   -31.92   -26.46   -21.01   -15.55   -10.11   -4.66    0.77    6.20   11.58   16.91   22.17   27.34   32.42   37.44   42.42   47.38   52.35   57.38  62.49 
-63.00    -85.59   -80.38   -75.11   -69.80   -64.45   -59.07   -53.64   -48.19   -42.70   -37.21   -31.71   -26.21   -20.73   -15.24   -9.77   -4.29    1.16    6.60   11.99   17.31   22.54   27.67   32.73   37.72   42.66   47.59   52.55   57.56  62.66 
-62.00    -85.60   -80.38   -75.11   -69.78   -64.41   -59.00   -53.55   -48.05   -42.54   -37.01   -31.48   -25.94   -20.42   -14.90   -9.40   -3.89    1.58    7.02   12.40   17.71   22.92   28.03   33.05   38.01   42.92   47.82   52.75   57.74  62.82 
-61.00    -85.61   -80.38   -75.10   -69.76   -64.37   -58.92   -53.44   -47.91   -42.37   -36.80   -31.22   -25.65   -20.09   -14.53   -8.99   -3.47    2.02    7.47   12.84   18.13   23.31   28.38   33.38   38.30   43.18   48.06   52.96   57.93  62.99 
-60.00    -85.61   -80.38   -75.09   -69.73   -64.32   -58.85   -53.32   -47.76   -42.17   -36.56   -30.94   -25.34   -19.73   -14.13   -8.57   -3.02    2.49    7.93   13.30   18.55   23.70   28.75   33.71   38.59   43.44   48.29   53.17   58.11  63.16 
-59.00    -85.62   -80.38   -75.07   -69.70   -64.25   -58.76   -53.20   -47.60   -41.97   -36.31   -30.65   -24.99   -19.35   -13.72   -8.11   -2.54    2.98    8.42   13.77   19.00   24.12   29.13   34.04   38.89   43.71   48.52   53.38   58.30  63.33 
-58.00    -85.63   -80.38   -75.06   -69.66   -64.19   -58.66   -53.06   -47.42   -41.74   -36.05   -30.33   -24.63   -18.93   -13.27   -7.63   -2.04    3.48    8.91   14.24   19.45   24.53   29.50   34.38   39.19   43.97   48.76   53.59   58.50  63.51 
-57.00    -85.63   -80.38   -75.04   -69.62   -64.12   -58.55   -52.91   -47.23   -41.51   -35.76   -29.99   -24.24   -18.50   -12.80   -7.13   -1.52    4.01    9.43   14.73   19.91   24.95   29.88   34.72   39.50   44.25   49.00   53.81   58.69  63.68 
-56.00    -85.63   -80.37   -75.02   -69.57   -64.04   -58.44   -52.76   -47.02   -41.24   -35.44   -29.63   -23.83   -18.03   -12.30   -6.60   -0.98    4.54    9.96   15.23   20.36   25.37   30.26   35.06   39.79   44.51   49.24   54.02   58.88  63.86 
-55.00    -85.63   -80.36   -75.00   -69.53   -63.97   -58.32   -52.59   -46.80   -40.98   -35.12   -29.25   -23.39   -17.56   -11.77   -6.05   -0.42    5.10   10.49   15.73   20.83   25.79   30.63   35.40   40.09   44.78   49.48   54.23   59.07  64.03 
-54.00    -85.63   -80.35   -74.97   -69.47   -63.88   -58.18   -52.42   -46.58   -40.69   -34.77   -28.85   -22.93   -17.05   -11.22   -5.48    0.16    5.66   11.03   16.23   21.29   26.21   31.02   35.73   40.40   45.05   49.72   54.45   59.26  64.21 
-53.00    -85.61   -80.34   -74.93   -69.42   -63.78   -58.05   -52.22   -46.33   -40.38   -34.40   -28.42   -22.44   -16.52   -10.65   -4.90    0.74    6.24   11.57   16.74   21.75   26.63   31.39   36.06   40.69   45.31   49.95   54.66   59.46  64.39 
-52.00    -85.61   -80.32   -74.90   -69.36   -63.68   -57.91   -52.02   -46.07   -40.06   -34.01   -27.96   -21.94   -15.96   -10.07   -4.30    1.34    6.82   12.11   17.25   22.22   27.05   31.76   36.40   40.99   45.57   50.19   54.87   59.65  64.57 
-51.00    -85.61   -80.31   -74.87   -69.29   -63.58   -57.75   -51.82   -45.80   -39.72   -33.61   -27.49   -21.40   -15.39   -9.47   -3.68    1.94    7.40   12.66   17.75   22.67   27.45   32.13   36.72   41.28   45.83   50.43   55.08   59.85  64.75 
-50.00    -85.60   -80.29   -74.82   -69.22   -63.47   -57.58   -51.60   -45.51   -39.37   -33.19   -27.00   -20.85   -14.80   -8.85   -3.06    2.56    7.98   13.21   18.25   23.13   27.86   32.49   37.05   41.57   46.09   50.65   55.29   60.04  64.92 
-49.00    -85.60   -80.27   -74.79   -69.15   -63.35   -57.42   -51.37   -45.21   -38.99   -32.74   -26.48   -20.28   -14.18   -8.21   -2.43    3.16    8.56   13.74   18.74   23.57   28.26   32.85   37.37   41.86   46.35   50.88   55.50   60.23  65.10 
-48.00    -85.59   -80.25   -74.74   -69.07   -63.23   -57.24   -51.12   -44.90   -38.59   -32.27   -25.95   -19.69   -13.55   -7.58   -1.79    3.78    9.14   14.27   19.22   24.01   28.65   33.20   37.68   42.13   46.60   51.11   55.71   60.42  65.28 
-47.00    -85.58   -80.22   -74.69   -68.99   -63.10   -57.05   -50.86   -44.56   -38.19   -31.78   -25.39   -19.09   -12.91   -6.93   -1.15    4.39    9.71   14.80   19.70   24.43   29.04   33.54   37.98   42.41   46.85   51.34   55.92   60.61  65.46 
-46.00    -85.57   -80.20   -74.64   -68.90   -62.96   -56.85   -50.59   -44.22   -37.76   -31.27   -24.82   -18.46   -12.27   -6.27   -0.52    5.00   10.27   15.31   20.16   24.85   29.41   33.88   38.28   42.68   47.09   51.56   56.11   60.79  65.63 
-45.00    -85.55   -80.16   -74.59   -68.80   -62.82   -56.65   -50.32   -43.86   -37.32   -30.75   -24.23   -17.82   -11.61   -5.62    0.11    5.59   10.82   15.81   20.61   25.26   29.78   34.20   38.58   42.94   47.33   51.77   56.31   60.98  65.80 
-44.00    -85.54   -80.13   -74.53   -68.71   -62.67   -56.44   -50.03   -43.48   -36.85   -30.21   -23.62   -17.18   -10.95   -4.97    0.74    6.18   11.35   16.30   21.06   25.65   30.13   34.52   38.86   43.20   47.56   51.99   56.51   61.16  65.98 
-43.00    -85.53   -80.10   -74.47   -68.61   -62.52   -56.22   -49.72   -43.09   -36.36   -29.65   -23.00   -16.53   -10.28   -4.32    1.36    6.75   11.88   16.78   21.49   26.04   30.47   34.83   39.15   43.45   47.79   52.20   56.71   61.35  66.15 
-42.00    -85.52   -80.07   -74.40   -68.51   -62.36   -55.99   -49.40   -42.68   -35.88   -29.07   -22.37   -15.87   -9.62   -3.68    1.97    7.31   12.39   17.25   21.91   26.42   30.81   35.13   39.42   43.70   48.02   52.41   56.90   61.53  66.32 
-41.00    -85.49   -80.02   -74.34   -68.39   -62.19   -55.74   -49.08   -42.26   -35.36   -28.49   -21.73   -15.21   -8.96   -3.05    2.55    7.85   12.88   17.69   22.31   26.78   31.14   35.43   39.68   43.94   48.24   52.61   57.09   61.70  66.49 
-40.00    -85.48   -79.99   -74.27   -68.28   -62.01   -55.49   -48.74   -41.82   -34.83   -27.89   -21.09   -14.54   -8.32   -2.43    3.13    8.38   13.36   18.12   22.69   27.12   31.45   35.71   39.94   44.18   48.46   52.81   57.28   61.88  66.65 
-39.00    -85.46   -79.94   -74.19   -68.16   -61.83   -55.23   -48.39   -41.37   -34.30   -27.28   -20.44   -13.89   -7.67   -1.82    3.69    8.89   13.83   18.54   23.07   27.46   31.75   35.98   40.19   44.41   48.67   53.01   57.46   62.06  66.82 
-38.00    -85.45   -79.90   -74.12   -68.04   -61.64   -54.96   -48.01   -40.90   -33.74   -26.65   -19.79   -13.23   -7.05   -1.24    4.23    9.38   14.27   18.94   23.43   27.78   32.05   36.25   40.43   44.63   48.87   53.20   57.64   62.22  66.98 
-37.00    -85.42   -79.85   -74.04   -67.91   -61.45   -54.68   -47.64   -40.43   -33.17   -26.03   -19.14   -12.59   -6.43   -0.67    4.75    9.86   14.70   19.32   23.77   28.10   32.33   36.51   40.67   44.85   49.08   53.39   57.82   62.39  67.15 
-36.00    -85.40   -79.80   -73.95   -67.77   -61.25   -54.39   -47.25   -39.94   -32.60   -25.40   -18.49   -11.96   -5.84   -0.11    5.25   10.31   15.10   19.69   24.10   28.40   32.60   36.76   40.89   45.06   49.27   53.57   57.99   62.56  67.30 
-35.00    -85.37   -79.76   -73.87   -67.64   -61.04   -54.10   -46.85   -39.43   -32.01   -24.77   -17.85   -11.34   -5.26    0.42    5.73   10.75   15.50   20.04   24.42   28.69   32.87   36.99   41.12   45.26   49.47   53.76   58.16   62.72  67.46 
-34.00    -85.35   -79.70   -73.77   -67.49   -60.82   -53.78   -46.43   -38.92   -31.43   -24.14   -17.23   -10.74   -4.70    0.92    6.19   11.16   15.87   20.38   24.73   28.96   33.12   37.23   41.33   45.46   49.65   53.93   58.33   62.88  67.62 
-33.00    -85.32   -79.64   -73.68   -67.34   -60.61   -53.47   -46.02   -38.40   -30.84   -23.52   -16.61   -10.15   -4.16    1.42    6.64   11.55   16.23   20.70   25.02   29.23   33.36   37.45   41.54   45.65   49.83   54.10   58.50   63.05  67.77 
-32.00    -85.29   -79.58   -73.58   -67.20   -60.38   -53.15   -45.58   -37.88   -30.24   -22.90   -16.00   -9.59   -3.65    1.88    7.05   11.93   16.56   21.00   25.29   29.48   33.59   37.66   41.74   45.84   50.01   54.27   58.66   63.20  67.92 
-31.00    -85.27   -79.52   -73.47   -67.04   -60.14   -52.81   -45.14   -37.33   -29.64   -22.30   -15.42   -9.05   -3.16    2.33    7.45   12.28   16.88   21.29   25.55   29.72   33.80   37.87   41.93   46.02   50.18   54.44   58.82   63.35  68.07 
-30.00    -85.24   -79.46   -73.38   -66.88   -59.90   -52.46   -44.69   -36.79   -29.05   -21.70   -14.86   -8.53   -2.69    2.75    7.82   12.62   17.19   21.56   25.81   29.94   34.02   38.06   42.11   46.20   50.35   54.59   58.97   63.50  68.22 
-29.00    -85.20   -79.39   -73.27   -66.70   -59.65   -52.11   -44.23   -36.24   -28.47   -21.11   -14.30   -8.04   -2.24    3.14    8.18   12.94   17.47   21.82   26.04   30.16   34.22   38.26   42.29   46.37   50.51   54.75   59.13   63.65  68.37 
-28.00    -85.17   -79.32   -73.15   -66.53   -59.40   -51.75   -43.76   -35.70   -27.88   -20.55   -13.78   -7.56   -1.81    3.52    8.51   13.24   17.73   22.07   26.26   30.37   34.41   38.44   42.46   46.53   50.67   54.91   59.28   63.80  68.51 
-27.00    -85.14   -79.25   -73.04   -66.36   -59.13   -51.38   -43.29   -35.15   -27.32   -20.00   -13.28   -7.11   -1.42    3.87    8.83   13.51   17.99   22.30   26.48   30.56   34.60   38.61   42.63   46.69   50.83   55.06   59.42   63.94  68.64 
-26.00    -85.09   -79.18   -72.92   -66.17   -58.86   -51.02   -42.82   -34.61   -26.76   -19.47   -12.80   -6.68   -1.04    4.20    9.11   13.78   18.23   22.51   26.68   30.75   34.77   38.78   42.79   46.84   50.97   55.21   59.57   64.08  68.79 
-25.00    -85.06   -79.10   -72.79   -65.99   -58.58   -50.64   -42.33   -34.07   -26.21   -18.96   -12.34   -6.28   -0.69    4.51    9.39   14.03   18.45   22.71   26.86   30.93   34.94   38.94   42.94   46.99   51.12   55.34   59.71   64.22  68.92 
-24.00    -85.02   -79.02   -72.67   -65.80   -58.31   -50.25   -41.85   -33.53   -25.69   -18.48   -11.91   -5.90   -0.36    4.80    9.65   14.25   18.66   22.91   27.04   31.10   35.10   39.09   43.09   47.14   51.26   55.49   59.84   64.36  69.06 
-23.00    -84.98   -78.94   -72.53   -65.59   -58.03   -49.85   -41.36   -33.02   -25.18   -18.01   -11.50   -5.55   -0.05    5.07    9.89   14.46   18.84   23.08   27.20   31.25   35.25   39.23   43.23   47.28   51.39   55.62   59.97   64.49  69.19 
-22.00    -84.93   -78.85   -72.40   -65.40   -57.73   -49.46   -40.88   -32.50   -24.69   -17.57   -11.11   -5.22    0.23    5.31   10.10   14.66   19.03   23.25   27.36   31.40   35.39   39.37   43.36   47.41   51.53   55.75   60.11   64.62  69.32 
-21.00    -84.89   -78.76   -72.27   -65.19   -57.44   -49.05   -40.40   -32.00   -24.21   -17.15   -10.76   -4.91    0.49    5.54   10.31   14.84   19.19   23.40   27.50   31.54   35.52   39.50   43.49   47.54   51.65   55.88   60.24   64.75  69.45 
-20.00    -84.84   -78.67   -72.12   -64.98   -57.13   -48.66   -39.93   -31.51   -23.76   -16.76   -10.42   -4.62    0.74    5.75   10.49   15.01   19.35   23.55   27.64   31.66   35.65   39.62   43.62   47.66   51.77   56.00   60.36   64.88  69.58 
-19.00    -84.79   -78.58   -71.97   -64.77   -56.83   -48.25   -39.46   -31.03   -23.32   -16.39   -10.11   -4.36    0.97    5.95   10.66   15.16   19.49   23.68   27.77   31.78   35.77   39.74   43.74   47.78   51.90   56.12   60.49   65.00  69.70 
-18.00    -84.74   -78.47   -71.83   -64.55   -56.52   -47.84   -39.00   -30.58   -22.91   -16.04   -9.81   -4.11    1.17    6.13   10.82   15.30   19.62   23.80   27.89   31.90   35.88   39.86   43.85   47.89   52.02   56.24   60.60   65.12  69.82 
-17.00    -84.69   -78.38   -71.68   -64.32   -56.20   -47.44   -38.54   -30.13   -22.53   -15.71   -9.54   -3.88    1.36    6.29   10.96   15.43   19.73   23.91   27.99   32.01   35.98   39.96   43.95   48.00   52.13   56.36   60.72   65.24  69.94 
-16.00    -84.63   -78.27   -71.52   -64.11   -55.90   -47.04   -38.09   -29.71   -22.16   -15.40   -9.29   -3.68    1.54    6.44   11.09   15.54   19.84   24.01   28.09   32.10   36.09   40.06   44.06   48.11   52.23   56.47   60.83   65.36  70.06 
-15.00    -84.57   -78.17   -71.36   -63.87   -55.57   -46.64   -37.67   -29.30   -21.82   -15.12   -9.06   -3.49    1.69    6.57   11.21   15.65   19.93   24.11   28.18   32.20   36.18   40.16   44.15   48.20   52.34   56.58   60.95   65.47  70.17 
-14.00    -84.51   -78.05   -71.19   -63.63   -55.25   -46.24   -37.25   -28.92   -21.49   -14.85   -8.84   -3.32    1.83    6.69   11.31   15.74   20.03   24.19   28.27   32.28   36.26   40.25   44.25   48.30   52.44   56.68   61.05   65.58  70.29 
-13.00    -84.45   -77.95   -71.03   -63.40   -54.93   -45.84   -36.83   -28.56   -21.18   -14.61   -8.65   -3.16    1.96    6.79   11.40   15.82   20.10   24.26   28.34   32.36   36.34   40.33   44.34   48.39   52.54   56.78   61.16   65.69  70.40 
-12.00    -84.39   -77.82   -70.85   -63.16   -54.61   -45.44   -36.44   -28.20   -20.90   -14.38   -8.47   -3.02    2.07    6.89   11.48   15.90   20.17   24.33   28.41   32.43   36.42   40.41   44.42   48.48   52.63   56.88   61.27   65.80  70.51 
-11.00    -84.32   -77.70   -70.68   -62.92   -54.27   -45.06   -36.05   -27.88   -20.64   -14.17   -8.31   -2.90    2.17    6.96   11.54   15.96   20.23   24.39   28.47   32.50   36.49   40.48   44.50   48.57   52.72   56.97   61.37   65.90  70.62 
-10.00    -84.25   -77.58   -70.49   -62.67   -53.95   -44.69   -35.69   -27.57   -20.39   -13.99   -8.17   -2.78    2.25    7.04   11.60   16.01   20.28   24.44   28.52   32.55   36.55   40.55   44.58   48.65   52.81   57.07   61.46   66.01  70.72 
 -9.00    -84.18   -77.45   -70.31   -62.42   -53.63   -44.31   -35.34   -27.27   -20.16   -13.81   -8.03   -2.69    2.33    7.09   11.65   16.05   20.32   24.48   28.57   32.60   36.61   40.62   44.65   48.73   52.89   57.16   61.55   66.10  70.83 
 -8.00    -84.11   -77.32   -70.12   -62.17   -53.30   -43.96   -35.00   -27.00   -19.95   -13.65   -7.91   -2.60    2.40    7.15   11.70   16.09   20.36   24.52   28.61   32.65   36.66   40.68   44.72   48.80   52.97   57.24   61.65   66.20  70.93 
 -7.00    -84.03   -77.18   -69.94   -61.91   -52.98   -43.61   -34.68   -26.75   -19.75   -13.51   -7.81   -2.53    2.45    7.19   11.73   16.12   20.39   24.55   28.65   32.69   36.71   40.73   44.77   48.88   53.05   57.33   61.74   66.30  71.03 
 -6.00    -83.95   -77.04   -69.74   -61.66   -52.67   -43.28   -34.38   -26.50   -19.57   -13.38   -7.72   -2.46    2.50    7.21   11.75   16.14   20.41   24.58   28.68   32.73   36.76   40.78   44.84   48.94   53.13   57.41   61.83   66.39  71.13 
 -5.00    -83.86   -76.90   -69.54   -61.40   -52.35   -42.94   -34.10   -26.28   -19.40   -13.26   -7.63   -2.41    2.53    7.24   11.77   16.16   20.42   24.60   28.70   32.76   36.80   40.83   44.89   49.00   53.19   57.49   61.91   66.49  71.22 
 -4.00    -83.77   -76.76   -69.34   -61.14   -52.04   -42.63   -33.82   -26.07   -19.26   -13.15   -7.57   -2.36    2.56    7.26   11.78   16.16   20.43   24.61   28.72   32.79   36.83   40.87   44.94   49.06   53.26   57.57   62.00   66.57  71.32 
 -3.00    -83.69   -76.61   -69.14   -60.88   -51.74   -42.31   -33.57   -25.87   -19.12   -13.06   -7.51   -2.32    2.58    7.27   11.79   16.16   20.44   24.62   28.74   32.81   36.86   40.91   44.99   49.12   53.32   57.64   62.08   66.66  71.41 
 -2.00    -83.59   -76.45   -68.94   -60.61   -51.42   -42.02   -33.33   -25.69   -18.99   -12.97   -7.46   -2.30    2.59    7.27   11.78   16.16   20.43   24.63   28.75   32.83   36.89   40.94   45.03   49.18   53.39   57.71   62.15   66.75  71.50 
 -1.00    -83.49   -76.29   -68.71   -60.34   -51.13   -41.73   -33.10   -25.53   -18.88   -12.90   -7.41   -2.28    2.60    7.27   11.77   16.16   20.43   24.62   28.75   32.84   36.90   40.98   45.07   49.22   53.45   57.78   62.23   66.83  71.59 
  0.00    -83.40   -76.13   -68.51   -60.09   -50.83   -41.45   -32.87   -25.38   -18.77   -12.83   -7.38   -2.26    2.59    7.25   11.76   16.14   20.42   24.62   28.75   32.85   36.93   41.00   45.11   49.27   53.50   57.84   62.31   66.91  71.68 
  1.00    -83.29   -75.97   -68.29   -59.82   -50.55   -41.20   -32.68   -25.24   -18.68   -12.79   -7.35   -2.26    2.58    7.24   11.74   16.12   20.40   24.60   28.74   32.85   36.93   41.02   45.14   49.31   53.56   57.91   62.38   66.99  71.76 
  2.00    -83.18   -75.79   -68.06   -59.55   -50.26   -40.95   -32.49   -25.10   -18.60   -12.73   -7.33   -2.26    2.58    7.22   11.71   16.09   20.38   24.58   28.74   32.85   36.94   41.04   45.17   49.35   53.61   57.96   62.45   67.07  71.84 
  3.00    -83.08   -75.62   -67.85   -59.29   -50.00   -40.71   -32.31   -24.99   -18.52   -12.70   -7.32   -2.26    2.56    7.19   11.68   16.06   20.35   24.56   28.73   32.84   36.95   41.06   45.20   49.39   53.66   58.03   62.52   67.14  71.92 
  4.00    -82.95   -75.44   -67.62   -59.04   -49.72   -40.48   -32.14   -24.88   -18.46   -12.67   -7.31   -2.27    2.53    7.16   11.65   16.03   20.32   24.54   28.70   32.83   36.95   41.07   45.23   49.42   53.70   58.08   62.58   67.22  72.00 
  5.00    -82.83   -75.26   -67.39   -58.76   -49.45   -40.26   -32.00   -24.78   -18.41   -12.65   -7.31   -2.29    2.50    7.13   11.61   15.99   20.28   24.51   28.68   32.83   36.95   41.08   45.24   49.46   53.75   58.13   62.65   67.29  72.08 
  6.00    -82.71   -75.08   -67.16   -58.51   -49.21   -40.05   -31.85   -24.69   -18.36   -12.63   -7.32   -2.31    2.47    7.08   11.57   15.95   20.25   24.48   28.66   32.81   36.94   41.08   45.26   49.49   53.79   58.19   62.71   67.36  72.16 
  7.00    -82.58   -74.89   -66.93   -58.25   -48.96   -39.86   -31.73   -24.61   -18.33   -12.62   -7.33   -2.34    2.43    7.04   11.52   15.90   20.20   24.44   28.63   32.79   36.93   41.09   45.27   49.51   53.83   58.24   62.76   67.42  72.24 
  8.00    -82.44   -74.69   -66.70   -58.00   -48.72   -39.68   -31.61   -24.55   -18.30   -12.62   -7.35   -2.37    2.39    6.99   11.47   15.85   20.15   24.39   28.60   32.77   36.92   41.09   45.29   49.53   53.86   58.29   62.83   67.49  72.30 
  9.00    -82.31   -74.50   -66.47   -57.75   -48.48   -39.51   -31.49   -24.49   -18.27   -12.62   -7.38   -2.41    2.34    6.94   11.42   15.79   20.10   24.35   28.56   32.73   36.91   41.08   45.30   49.56   53.89   58.33   62.88   67.56  72.38 
 10.00    -82.16   -74.30   -66.23   -57.49   -48.26   -39.34   -31.39   -24.43   -18.26   -12.63   -7.40   -2.46    2.29    6.88   11.35   15.74   20.05   24.31   28.52   32.71   36.88   41.08   45.30   49.58   53.92   58.37   62.94   67.62  72.45 
 11.00    -82.02   -74.09   -65.98   -57.24   -48.04   -39.19   -31.29   -24.39   -18.25   -12.65   -7.43   -2.50    2.23    6.82   11.29   15.67   19.99   24.25   28.47   32.67   36.87   41.07   45.30   49.59   53.96   58.41   62.98   67.68  72.51 
 12.00    -81.87   -73.87   -65.75   -57.00   -47.82   -39.03   -31.22   -24.36   -18.24   -12.67   -7.47   -2.56    2.18    6.75   11.22   15.61   19.92   24.19   28.42   32.63   36.84   41.05   45.30   49.60   53.98   58.45   63.04   67.74  72.58 
 13.00    -81.72   -73.67   -65.50   -56.75   -47.62   -38.90   -31.13   -24.33   -18.26   -12.70   -7.52   -2.61    2.11    6.68   11.15   15.54   19.86   24.14   28.37   32.59   36.81   41.03   45.30   49.62   54.00   58.49   63.08   67.80  72.65 
 14.00    -81.54   -73.44   -65.25   -56.51   -47.42   -38.77   -31.07   -24.31   -18.26   -12.73   -7.57   -2.67    2.04    6.61   11.07   15.46   19.79   24.07   28.31   32.55   36.77   41.02   45.29   49.62   54.03   58.53   63.13   67.85  72.71 
 15.00    -81.38   -73.23   -65.02   -56.27   -47.23   -38.65   -31.01   -24.29   -18.28   -12.77   -7.63   -2.73    1.96    6.53   10.99   15.38   19.72   24.00   28.26   32.50   36.74   40.99   45.28   49.63   54.04   58.55   63.17   67.90  72.77 
 16.00    -81.21   -73.00   -64.76   -56.04   -47.04   -38.53   -30.96   -24.29   -18.31   -12.82   -7.68   -2.81    1.89    6.45   10.91   15.30   19.64   23.93   28.20   32.45   36.70   40.97   45.28   49.63   54.06   58.59   63.21   67.96  72.83 
 17.00    -81.02   -72.77   -64.53   -55.80   -46.86   -38.43   -30.92   -24.29   -18.33   -12.86   -7.75   -2.89    1.81    6.36   10.82   15.22   19.56   23.85   28.13   32.39   36.66   40.94   45.26   49.64   54.08   58.61   63.25   68.01  72.89 
 18.00    -80.84   -72.54   -64.27   -55.56   -46.68   -38.33   -30.87   -24.29   -18.36   -12.93   -7.82   -2.96    1.72    6.27   10.73   15.13   19.47   23.78   28.07   32.34   36.62   40.91   45.25   49.64   54.10   58.64   63.29   68.06  72.95 
 19.00    -80.65   -72.30   -64.02   -55.33   -46.52   -38.23   -30.85   -24.31   -18.41   -12.98   -7.89   -3.05    1.63    6.18   10.64   15.04   19.38   23.70   27.99   32.28   36.57   40.88   45.23   49.63   54.11   58.67   63.33   68.11  73.01 
 20.00    -80.45   -72.07   -63.76   -55.11   -46.36   -38.14   -30.82   -24.32   -18.45   -13.04   -7.97   -3.13    1.54    6.08   10.54   14.94   19.29   23.61   27.92   32.22   36.53   40.85   45.21   49.63   54.12   58.69   63.37   68.16  73.06 
 21.00    -80.24   -71.82   -63.52   -54.88   -46.20   -38.06   -30.81   -24.35   -18.51   -13.12   -8.05   -3.23    1.44    5.98   10.44   14.84   19.20   23.53   27.84   32.16   36.47   40.81   45.19   49.63   54.13   58.72   63.41   68.20  73.12 
 22.00    -80.04   -71.57   -63.27   -54.67   -46.05   -37.98   -30.78   -24.38   -18.56   -13.19   -8.14   -3.32    1.34    5.88   10.34   14.74   19.10   23.44   27.77   32.09   36.42   40.77   45.17   49.62   54.14   58.74   63.44   68.24  73.17 
 23.00    -79.82   -71.32   -63.02   -54.45   -45.90   -37.92   -30.78   -24.40   -18.62   -13.27   -8.24   -3.42    1.23    5.77   10.23   14.63   19.00   23.35   27.68   32.02   36.37   40.74   45.14   49.61   54.14   58.76   63.48   68.28  73.22 
 24.00    -79.60   -71.07   -62.76   -54.22   -45.75   -37.85   -30.77   -24.45   -18.69   -13.35   -8.33   -3.53    1.12    5.66   10.12   14.53   18.90   23.25   27.60   31.95   36.31   40.69   45.12   49.59   54.15   58.78   63.50   68.33  73.27 
 25.00    -79.37   -70.80   -62.51   -54.02   -45.62   -37.79   -30.78   -24.48   -18.76   -13.44   -8.43   -3.63    1.01    5.54   10.01   14.42   18.80   23.16   27.51   31.87   36.25   40.65   45.09   49.59   54.15   58.79   63.53   68.37  73.32 
 26.00    -79.13   -70.55   -62.25   -53.81   -45.48   -37.74   -30.78   -24.53   -18.83   -13.54   -8.53   -3.75    0.90    5.43    9.89   14.31   18.69   23.06   27.43   31.80   36.19   40.60   45.06   49.57   54.15   58.81   63.56   68.41  73.37 
 27.00    -78.89   -70.28   -62.00   -53.60   -45.35   -37.68   -30.79   -24.58   -18.90   -13.63   -8.64   -3.86    0.78    5.31    9.77   14.19   18.58   22.96   27.33   31.72   36.12   40.56   45.03   49.56   54.15   58.83   63.59   68.44  73.41 
 28.00    -78.64   -70.02   -61.75   -53.40   -45.22   -37.64   -30.79   -24.64   -18.98   -13.72   -8.75   -3.97    0.66    5.19    9.65   14.07   18.47   22.86   27.25   31.65   36.06   40.51   45.00   49.54   54.15   58.84   63.62   68.48  73.46 
 29.00    -78.38   -69.75   -61.49   -53.20   -45.10   -37.59   -30.81   -24.69   -19.07   -13.83   -8.86   -4.09    0.53    5.06    9.53   13.96   18.36   22.75   27.15   31.57   36.00   40.46   44.96   49.52   54.15   58.85   63.63   68.51  73.51 
 30.00    -78.12   -69.48   -61.23   -52.98   -44.97   -37.55   -30.82   -24.74   -19.15   -13.93   -8.97   -4.21    0.41    4.94    9.41   13.83   18.25   22.65   27.06   31.49   35.94   40.41   44.94   49.51   54.15   58.87   63.66   68.55  73.55 
 31.00    -77.85   -69.20   -60.98   -52.79   -44.85   -37.50   -30.85   -24.80   -19.24   -14.03   -9.09   -4.34    0.28    4.81    9.28   13.72   18.13   22.55   26.96   31.41   35.87   40.36   44.90   49.49   54.15   58.88   63.68   68.58  73.59 
 32.00    -77.58   -68.92   -60.73   -52.60   -44.74   -37.46   -30.86   -24.86   -19.32   -14.13   -9.20   -4.46    0.16    4.68    9.15   13.59   18.02   22.44   26.88   31.33   35.80   40.32   44.87   49.47   54.14   58.89   63.71   68.61  73.63 
 33.00    -77.30   -68.64   -60.48   -52.40   -44.62   -37.42   -30.89   -24.92   -19.41   -14.24   -9.32   -4.58    0.03    4.56    9.03   13.47   17.90   22.34   26.78   31.24   35.74   40.26   44.83   49.45   54.14   58.89   63.73   68.64  73.67 
 34.00    -77.02   -68.36   -60.23   -52.21   -44.51   -37.38   -30.90   -24.98   -19.50   -14.35   -9.44   -4.71   -0.10    4.42    8.90   13.35   17.79   22.23   26.69   31.16   35.67   40.22   44.80   49.44   54.13   58.90   63.75   68.67  73.71 
 35.00    -76.72   -68.07   -59.97   -52.02   -44.40   -37.35   -30.93   -25.05   -19.59   -14.46   -9.56   -4.83   -0.23    4.30    8.78   13.23   17.68   22.13   26.60   31.09   35.61   40.17   44.77   49.42   54.13   58.90   63.76   68.70  73.74 
 36.00    -76.43   -67.79   -59.71   -51.82   -44.28   -37.31   -30.94   -25.10   -19.68   -14.56   -9.68   -4.96   -0.35    4.17    8.65   13.11   17.56   22.03   26.50   31.01   35.55   40.12   44.73   49.40   54.12   58.91   63.78   68.73  73.79 
 37.00    -76.12   -67.49   -59.46   -51.63   -44.17   -37.28   -30.96   -25.17   -19.76   -14.67   -9.79   -5.08   -0.48    4.05    8.53   12.99   17.46   21.92   26.41   30.93   35.48   40.06   44.70   49.38   54.11   58.92   63.79   68.76  73.82 
 38.00    -75.81   -67.20   -59.21   -51.44   -44.06   -37.24   -30.98   -25.22   -19.85   -14.77   -9.90   -5.20   -0.61    3.92    8.41   12.88   17.34   21.82   26.32   30.85   35.42   40.02   44.66   49.36   54.11   58.92   63.81   68.78  73.86 
 39.00    -75.51   -66.90   -58.95   -51.25   -43.94   -37.19   -31.00   -25.28   -19.94   -14.87   -10.02   -5.32   -0.73    3.80    8.29   12.76   17.23   21.73   26.24   30.78   35.36   39.97   44.64   49.34   54.11   58.93   63.83   68.81  73.89 
 40.00    -75.19   -66.61   -58.69   -51.06   -43.85   -37.15   -31.01   -25.33   -20.01   -14.97   -10.13   -5.44   -0.85    3.68    8.17   12.65   17.13   21.63   26.15   30.71   35.30   39.93   44.60   49.32   54.10   58.93   63.84   68.83  73.92 
 41.00    -74.85   -66.32   -58.45   -50.88   -43.73   -37.12   -31.02   -25.38   -20.09   -15.07   -10.24   -5.56   -0.96    3.56    8.05   12.54   17.04   21.54   26.07   30.64   35.24   39.89   44.57   49.30   54.09   58.94   63.85   68.85  73.95 
 42.00    -74.53   -66.02   -58.18   -50.69   -43.62   -37.08   -31.03   -25.43   -20.16   -15.16   -10.34   -5.67   -1.08    3.45    7.95   12.44   16.94   21.45   26.00   30.58   35.19   39.84   44.54   49.29   54.09   58.94   63.87   68.88  73.98 
 43.00    -74.19   -65.71   -57.94   -50.51   -43.51   -37.03   -31.05   -25.48   -20.24   -15.25   -10.44   -5.77   -1.19    3.34    7.85   12.34   16.85   21.37   25.93   30.51   35.14   39.80   44.51   49.27   54.08   58.94   63.88   68.90  74.01 
 44.00    -73.85   -65.41   -57.68   -50.32   -43.40   -36.98   -31.05   -25.52   -20.31   -15.33   -10.54   -5.87   -1.29    3.23    7.74   12.24   16.75   21.29   25.85   30.45   35.09   39.77   44.49   49.25   54.07   58.95   63.89   68.92  74.04 
 45.00    -73.52   -65.11   -57.43   -50.13   -43.29   -36.93   -31.05   -25.55   -20.37   -15.42   -10.63   -5.97   -1.39    3.14    7.65   12.15   16.67   21.21   25.79   30.40   35.05   39.74   44.46   49.24   54.07   58.95   63.90   68.94  74.07 
 46.00    -73.17   -64.81   -57.18   -49.94   -43.17   -36.88   -31.05   -25.59   -20.42   -15.49   -10.72   -6.06   -1.48    3.05    7.56   12.06   16.59   21.14   25.72   30.34   35.00   39.70   44.44   49.22   54.06   58.95   63.92   68.96  74.09 
 47.00    -72.82   -64.50   -56.93   -49.76   -43.05   -36.83   -31.03   -25.62   -20.48   -15.56   -10.79   -6.15   -1.57    2.95    7.47   11.98   16.52   21.07   25.67   30.30   34.96   39.67   44.42   49.21   54.06   58.96   63.93   68.97  74.13 
 48.00    -72.47   -64.19   -56.67   -49.58   -42.94   -36.77   -31.02   -25.64   -20.53   -15.62   -10.87   -6.23   -1.65    2.87    7.40   11.91   16.45   21.01   25.61   30.25   34.93   39.64   44.40   49.20   54.05   58.96   63.94   68.99  74.15 
 49.00    -72.11   -63.88   -56.42   -49.39   -42.82   -36.71   -31.01   -25.66   -20.56   -15.68   -10.93   -6.30   -1.73    2.80    7.32   11.85   16.39   20.95   25.56   30.21   34.89   39.61   44.38   49.18   54.05   58.96   63.95   69.01  74.18 
 50.00    -71.75   -63.58   -56.16   -49.20   -42.70   -36.65   -30.99   -25.67   -20.60   -15.73   -11.00   -6.37   -1.80    2.74    7.25   11.78   16.33   20.91   25.52   30.17   34.86   39.59   44.37   49.17   54.04   58.96   63.95   69.02  74.20 
 51.00    -71.39   -63.27   -55.91   -49.01   -42.58   -36.58   -30.97   -25.68   -20.63   -15.77   -11.06   -6.42   -1.86    2.67    7.20   11.73   16.28   20.86   25.48   30.14   34.84   39.57   44.35   49.17   54.04   58.97   63.96   69.04  74.22 
 52.00    -71.02   -62.96   -55.66   -48.83   -42.46   -36.51   -30.94   -25.67   -20.65   -15.81   -11.10   -6.48   -1.91    2.62    7.15   11.68   16.24   20.83   25.45   30.11   34.81   39.55   44.34   49.17   54.04   58.97   63.97   69.05  74.25 
 53.00    -70.67   -62.65   -55.41   -48.65   -42.33   -36.43   -30.90   -25.67   -20.67   -15.84   -11.14   -6.52   -1.96    2.57    7.10   11.64   16.20   20.80   25.42   30.09   34.79   39.54   44.33   49.16   54.04   58.97   63.98   69.07  74.27 
 54.00    -70.30   -62.34   -55.17   -48.46   -42.20   -36.36   -30.86   -25.66   -20.68   -15.87   -11.17   -6.56   -2.00    2.54    7.06   11.61   16.17   20.77   25.40   30.07   34.78   39.53   44.32   49.16   54.03   58.97   63.99   69.08  74.29 
 55.00    -69.92   -62.03   -54.91   -48.27   -42.07   -36.28   -30.82   -25.65   -20.69   -15.89   -11.20   -6.59   -2.03    2.50    7.04   11.58   16.15   20.75   25.38   30.06   34.77   39.52   44.31   49.15   54.03   58.98   63.99   69.10  74.32 
 56.00    -69.55   -61.72   -54.66   -48.09   -41.94   -36.19   -30.78   -25.63   -20.68   -15.90   -11.21   -6.61   -2.05    2.48    7.01   11.56   16.13   20.73   25.37   30.05   34.76   39.51   44.31   49.15   54.03   58.98   64.00   69.11  74.34 
 57.00    -69.17   -61.41   -54.42   -47.90   -41.81   -36.10   -30.73   -25.60   -20.67   -15.90   -11.22   -6.63   -2.07    2.46    7.00   11.55   16.12   20.72   25.36   30.05   34.76   39.51   44.31   49.15   54.03   58.98   64.01   69.13  74.36 
 58.00    -68.80   -61.10   -54.16   -47.71   -41.67   -36.01   -30.67   -25.57   -20.66   -15.90   -11.23   -6.64   -2.08    2.45    6.99   11.54   16.11   20.72   25.36   30.04   34.75   39.51   44.31   49.15   54.03   58.99   64.02   69.14  74.37 
 59.00    -68.43   -60.80   -53.92   -47.52   -41.54   -35.92   -30.60   -25.53   -20.63   -15.89   -11.23   -6.64   -2.08    2.45    6.99   11.54   16.11   20.72   25.36   30.05   34.76   39.51   44.31   49.15   54.04   58.99   64.02   69.15  74.39 
 60.00    -68.05   -60.49   -53.67   -47.33   -41.40   -35.83   -30.54   -25.49   -20.62   -15.87   -11.22   -6.63   -2.08    2.45    6.99   11.55   16.12   20.73   25.37   30.06   34.76   39.52   44.31   49.15   54.04   58.99   64.03   69.16  74.41 
 61.00    -67.68   -60.18   -53.43   -47.15   -41.26   -35.73   -30.47   -25.44   -20.58   -15.85   -11.20   -6.62   -2.07    2.46    7.00   11.55   16.14   20.74   25.38   30.07   34.77   39.52   44.32   49.15   54.04   59.00   64.03   69.18  74.44 
 62.00    -67.31   -59.88   -53.18   -46.96   -41.13   -35.63   -30.40   -25.39   -20.54   -15.82   -11.18   -6.60   -2.05    2.48    7.02   11.57   16.16   20.76   25.40   30.08   34.78   39.53   44.32   49.16   54.04   59.00   64.04   69.19  74.45 
 63.00    -66.94   -59.58   -52.94   -46.77   -40.99   -35.52   -30.33   -25.33   -20.50   -15.79   -11.16   -6.58   -2.03    2.50    7.05   11.60   16.17   20.78   25.42   30.09   34.80   39.54   44.33   49.16   54.05   59.00   64.05   69.20  74.47 
 64.00    -66.56   -59.28   -52.70   -46.58   -40.84   -35.41   -30.24   -25.27   -20.46   -15.75   -11.12   -6.55   -2.00    2.53    7.07   11.62   16.20   20.81   25.44   30.11   34.82   39.56   44.34   49.17   54.05   59.01   64.05   69.21  74.48 
 65.00    -66.19   -58.97   -52.46   -46.40   -40.70   -35.31   -30.16   -25.21   -20.41   -15.70   -11.08   -6.51   -1.97    2.56    7.10   11.65   16.23   20.83   25.47   30.14   34.84   39.57   44.35   49.17   54.06   59.01   64.06   69.22  74.50 
 66.00    -65.83   -58.69   -52.22   -46.21   -40.56   -35.20   -30.08   -25.15   -20.35   -15.66   -11.05   -6.47   -1.93    2.60    7.14   11.69   16.27   20.87   25.50   30.16   34.86   39.59   44.36   49.17   54.06   59.02   64.07   69.23  74.52 
 67.00    -65.46   -58.39   -51.99   -46.02   -40.42   -35.08   -29.99   -25.08   -20.29   -15.61   -11.00   -6.43   -1.89    2.65    7.18   11.73   16.30   20.91   25.53   30.19   34.88   39.60   44.37   49.18   54.07   59.02   64.07   69.24  74.54 
 68.00    -65.09   -58.11   -51.76   -45.85   -40.27   -34.98   -29.90   -25.00   -20.23   -15.56   -10.95   -6.38   -1.85    2.69    7.23   11.77   16.35   20.94   25.56   30.21   34.91   39.62   44.38   49.19   54.07   59.03   64.08   69.25  74.55 
 69.00    -64.74   -57.82   -51.53   -45.66   -40.13   -34.87   -29.81   -24.93   -20.17   -15.50   -10.90   -6.34   -1.79    2.74    7.27   11.82   16.39   20.98   25.60   30.25   34.93   39.64   44.39   49.20   54.08   59.03   64.08   69.26  74.57 
 70.00    -64.38   -57.53   -51.30   -45.48   -39.99   -34.76   -29.72   -24.86   -20.10   -15.44   -10.84   -6.28   -1.75    2.78    7.32   11.86   16.43   21.03   25.64   30.28   34.95   39.66   44.41   49.21   54.08   59.04   64.09   69.27  74.58 
 71.00    -64.03   -57.25   -51.07   -45.30   -39.85   -34.64   -29.63   -24.78   -20.04   -15.38   -10.79   -6.23   -1.69    2.84    7.37   11.92   16.48   21.06   25.68   30.31   34.98   39.68   44.43   49.22   54.09   59.04   64.10   69.28  74.60 
 72.00    -63.69   -56.97   -50.86   -45.13   -39.71   -34.53   -29.54   -24.70   -19.97   -15.32   -10.73   -6.17   -1.64    2.89    7.42   11.96   16.53   21.11   25.71   30.35   35.01   39.70   44.44   49.23   54.10   59.05   64.10   69.28  74.61 
 73.00    -63.34   -56.70   -50.64   -44.96   -39.57   -34.42   -29.45   -24.63   -19.91   -15.26   -10.67   -6.12   -1.59    2.95    7.47   12.02   16.57   21.16   25.75   30.38   35.04   39.73   44.46   49.24   54.11   59.05   64.11   69.29  74.62 
 74.00    -62.99   -56.43   -50.43   -44.79   -39.44   -34.31   -29.36   -24.55   -19.84   -15.20   -10.61   -6.06   -1.53    3.00    7.53   12.06   16.62   21.19   25.79   30.41   35.06   39.75   44.47   49.25   54.11   59.06   64.12   69.31  74.64 
 75.00    -62.66   -56.16   -50.22   -44.62   -39.30   -34.20   -29.27   -24.48   -19.77   -15.14   -10.56   -6.01   -1.48    3.05    7.58   12.12   16.67   21.24   25.83   30.44   35.08   39.76   44.49   49.27   54.12   59.07   64.12   69.32  74.65 
 76.00    -62.33   -55.90   -50.01   -44.46   -39.18   -34.10   -29.18   -24.40   -19.70   -15.08   -10.50   -5.95   -1.42    3.10    7.63   12.16   16.72   21.28   25.86   30.48   35.11   39.79   44.50   49.28   54.13   59.07   64.13   69.33  74.67 
 77.00    -62.00   -55.65   -49.81   -44.30   -39.04   -34.00   -29.10   -24.33   -19.64   -15.02   -10.45   -5.90   -1.37    3.15    7.68   12.21   16.75   21.32   25.90   30.51   35.14   39.80   44.52   49.29   54.14   59.08   64.14   69.34  74.68 
 78.00    -61.68   -55.40   -49.61   -44.14   -38.92   -33.89   -29.02   -24.25   -19.58   -14.96   -10.39   -5.85   -1.32    3.20    7.72   12.25   16.80   21.36   25.94   30.54   35.17   39.82   44.53   49.30   54.15   59.09   64.15   69.35  74.70 
 79.00    -61.38   -55.15   -49.42   -43.99   -38.80   -33.80   -28.94   -24.19   -19.52   -14.92   -10.35   -5.80   -1.28    3.24    7.77   12.30   16.84   21.40   25.97   30.57   35.19   39.85   44.55   49.31   54.16   59.10   64.15   69.36  74.71 
 80.00    -61.07   -54.92   -49.23   -43.84   -38.69   -33.71   -28.87   -24.12   -19.46   -14.86   -10.30   -5.76   -1.23    3.29    7.81   12.34   16.88   21.43   26.00   30.60   35.21   39.87   44.57   49.33   54.17   59.10   64.16   69.37  74.73 
 81.00    -60.77   -54.69   -49.04   -43.70   -38.57   -33.62   -28.79   -24.07   -19.42   -14.82   -10.25   -5.72   -1.20    3.32    7.85   12.37   16.91   21.46   26.04   30.62   35.24   39.89   44.58   49.34   54.18   59.11   64.18   69.38  74.74 
 82.00    -60.48   -54.47   -48.87   -43.56   -38.46   -33.53   -28.72   -24.01   -19.37   -14.77   -10.22   -5.68   -1.16    3.36    7.88   12.41   16.95   21.50   26.06   30.65   35.26   39.91   44.59   49.35   54.19   59.12   64.19   69.39  74.75 
 83.00    -60.20   -54.24   -48.70   -43.43   -38.36   -33.45   -28.66   -23.95   -19.32   -14.73   -10.18   -5.65   -1.13    3.39    7.91   12.44   16.97   21.53   26.09   30.67   35.28   39.92   44.61   49.36   54.20   59.13   64.20   69.40  74.76 
 84.00    -59.93   -54.03   -48.54   -43.30   -38.26   -33.37   -28.59   -23.91   -19.28   -14.70   -10.15   -5.62   -1.10    3.42    7.94   12.46   17.00   21.55   26.11   30.69   35.30   39.94   44.62   49.38   54.21   59.14   64.21   69.41  74.78 
 85.00    -59.66   -53.83   -48.38   -43.18   -38.17   -33.30   -28.54   -23.86   -19.25   -14.67   -10.13   -5.59   -1.07    3.44    7.96   12.49   17.03   21.57   26.14   30.72   35.31   39.95   44.64   49.38   54.22   59.15   64.22   69.43  74.79 
 86.00    -59.40   -53.63   -48.22   -43.06   -38.08   -33.23   -28.49   -23.82   -19.21   -14.65   -10.10   -5.58   -1.05    3.46    7.98   12.51   17.05   21.59   26.15   30.73   35.33   39.97   44.65   49.40   54.23   59.17   64.23   69.44  74.80 
 87.00    -59.14   -53.44   -48.08   -42.95   -37.99   -33.16   -28.44   -23.79   -19.18   -14.63   -10.08   -5.56   -1.05    3.47    7.99   12.52   17.06   21.61   26.17   30.75   35.35   39.98   44.66   49.41   54.24   59.18   64.24   69.45  74.82 
 88.00    -58.91   -53.26   -47.94   -42.84   -37.91   -33.10   -28.40   -23.76   -19.17   -14.61   -10.07   -5.55   -1.04    3.48    8.01   12.54   17.07   21.62   26.18   30.76   35.36   40.00   44.68   49.42   54.25   59.19   64.26   69.47  74.83 
 89.00    -58.67   -53.08   -47.80   -42.74   -37.84   -33.06   -28.36   -23.73   -19.15   -14.60   -10.06   -5.55   -1.03    3.49    8.01   12.55   17.08   21.64   26.19   30.78   35.38   40.01   44.69   49.44   54.26   59.20   64.27   69.48  74.85 
 90.00    -58.45   -52.91   -47.68   -42.65   -37.77   -33.01   -28.33   -23.71   -19.14   -14.59   -10.06   -5.55   -1.03    3.49    8.01   12.55   17.09   21.64   26.21   30.79   35.39   40.03   44.71   49.45   54.28   59.22   64.29   69.49  74.86 
 91.00    -58.23   -52.76   -47.56   -42.56   -37.71   -32.96   -28.31   -23.70   -19.13   -14.59   -10.07   -5.55   -1.04    3.48    8.01   12.55   17.09   21.65   26.21   30.80   35.40   40.04   44.72   49.47   54.29   59.23   64.30   69.51  74.87 
 92.00    -58.02   -52.60   -47.44   -42.48   -37.66   -32.93   -28.28   -23.69   -19.13   -14.59   -10.08   -5.56   -1.05    3.47    8.00   12.55   17.09   21.65   26.22   30.81   35.42   40.06   44.74   49.48   54.31   59.25   64.32   69.53  74.88 
 93.00    -57.82   -52.45   -47.34   -42.41   -37.60   -32.90   -28.26   -23.68   -19.14   -14.60   -10.09   -5.58   -1.06    3.46    7.99   12.54   17.09   21.65   26.22   30.82   35.43   40.07   44.75   49.50   54.33   59.27   64.33   69.54  74.90 
 94.00    -57.64   -52.31   -47.24   -42.34   -37.56   -32.87   -28.25   -23.68   -19.14   -14.62   -10.11   -5.59   -1.08    3.45    7.98   12.53   17.08   21.65   26.23   30.82   35.44   40.07   44.76   49.51   54.34   59.28   64.35   69.56  74.91 
 95.00    -57.46   -52.19   -47.15   -42.27   -37.51   -32.84   -28.24   -23.68   -19.15   -14.64   -10.13   -5.62   -1.10    3.42    7.96   12.51   17.07   21.64   26.23   30.83   35.44   40.09   44.78   49.53   54.36   59.30   64.37   69.57  74.92 
 96.00    -57.28   -52.06   -47.06   -42.21   -37.48   -32.83   -28.24   -23.69   -19.16   -14.66   -10.15   -5.65   -1.13    3.40    7.94   12.49   17.06   21.64   26.23   30.83   35.45   40.10   44.79   49.55   54.38   59.32   64.38   69.59  74.94 
 97.00    -57.12   -51.95   -46.98   -42.16   -37.45   -32.82   -28.24   -23.70   -19.19   -14.68   -10.18   -5.68   -1.15    3.37    7.92   12.48   17.05   21.63   26.23   30.83   35.46   40.11   44.81   49.57   54.40   59.34   64.40   69.61  74.96 
 98.00    -56.97   -51.84   -46.90   -42.11   -37.42   -32.81   -28.25   -23.71   -19.21   -14.71   -10.21   -5.71   -1.19    3.35    7.89   12.45   17.04   21.62   26.22   30.84   35.47   40.13   44.83   49.59   54.43   59.36   64.42   69.62  74.97 
 99.00    -56.82   -51.74   -46.84   -42.07   -37.40   -32.80   -28.25   -23.73   -19.23   -14.74   -10.24   -5.75   -1.23    3.31    7.86   12.43   17.02   21.61   26.22   30.84   35.48   40.15   44.85   49.61   54.45   59.39   64.45   69.64  74.98 
100.00    -56.69   -51.64   -46.78   -42.04   -37.39   -32.80   -28.26   -23.76   -19.26   -14.77   -10.29   -5.78   -1.26    3.27    7.83   12.40   17.00   21.60   26.22   30.84   35.49   40.16   44.87   49.63   54.47   59.41   64.47   69.66  74.99 
101.00    -56.56   -51.56   -46.72   -42.00   -37.37   -32.80   -28.28   -23.78   -19.29   -14.81   -10.32   -5.82   -1.30    3.24    7.80   12.39   16.98   21.59   26.21   30.85   35.50   40.18   44.89   49.65   54.50   59.44   64.49   69.68  75.01 
102.00    -56.44   -51.48   -46.67   -41.97   -37.36   -32.81   -28.30   -23.80   -19.33   -14.85   -10.36   -5.86   -1.34    3.20    7.77   12.36   16.96   21.58   26.21   30.85   35.51   40.20   44.91   49.68   54.52   59.46   64.52   69.70  75.02 
103.00    -56.33   -51.41   -46.62   -41.95   -37.36   -32.82   -28.32   -23.84   -19.37   -14.89   -10.41   -5.90   -1.38    3.17    7.73   12.33   16.94   21.57   26.21   30.86   35.52   40.21   44.93   49.71   54.55   59.49   64.54   69.72  75.03 
104.00    -56.23   -51.34   -46.59   -41.94   -37.35   -32.83   -28.34   -23.87   -19.40   -14.93   -10.45   -5.95   -1.42    3.13    7.71   12.31   16.93   21.56   26.21   30.87   35.54   40.24   44.96   49.74   54.58   59.52   64.56   69.74  75.05 
105.00    -56.14   -51.28   -46.55   -41.93   -37.36   -32.85   -28.37   -23.90   -19.44   -14.97   -10.49   -5.99   -1.46    3.09    7.67   12.28   16.91   21.55   26.21   30.88   35.56   40.25   44.99   49.77   54.61   59.55   64.59   69.76  75.06 
106.00    -56.06   -51.23   -46.53   -41.92   -37.37   -32.86   -28.39   -23.94   -19.48   -15.02   -10.54   -6.04   -1.50    3.06    7.64   12.26   16.89   21.55   26.21   30.89   35.57   40.28   45.02   49.80   54.65   59.58   64.62   69.78  75.08 
107.00    -55.98   -51.18   -46.50   -41.91   -37.38   -32.88   -28.42   -23.97   -19.52   -15.05   -10.58   -6.07   -1.55    3.02    7.61   12.23   16.88   21.54   26.21   30.90   35.59   40.30   45.05   49.83   54.68   59.61   64.65   69.80  75.09 
108.00    -55.91   -51.14   -46.49   -41.91   -37.39   -32.91   -28.45   -24.01   -19.56   -15.10   -10.62   -6.12   -1.58    2.98    7.58   12.21   16.86   21.53   26.21   30.91   35.61   40.33   45.08   49.87   54.72   59.64   64.68   69.82  75.11 
109.00    -55.85   -51.11   -46.47   -41.91   -37.41   -32.94   -28.48   -24.04   -19.60   -15.14   -10.67   -6.16   -1.62    2.95    7.56   12.19   16.85   21.53   26.22   30.92   35.63   40.36   45.11   49.90   54.75   59.68   64.71   69.85  75.12 
110.00    -55.79   -51.08   -46.46   -41.92   -37.42   -32.96   -28.52   -24.08   -19.64   -15.18   -10.70   -6.20   -1.65    2.92    7.53   12.18   16.84   21.53   26.23   30.94   35.66   40.39   45.14   49.94   54.79   59.71   64.74   69.87  75.13 
111.00    -55.75   -51.06   -46.46   -41.93   -37.45   -32.99   -28.55   -24.12   -19.68   -15.22   -10.74   -6.23   -1.69    2.89    7.51   12.16   16.84   21.53   26.25   30.96   35.69   40.42   45.18   49.98   54.83   59.75   64.77   69.90  75.14 
112.00    -55.71   -51.04   -46.46   -41.94   -37.46   -33.02   -28.58   -24.15   -19.72   -15.26   -10.78   -6.27   -1.72    2.86    7.49   12.15   16.83   21.54   26.25   30.98   35.71   40.46   45.22   50.02   54.87   59.79   64.80   69.92  75.16 
113.00    -55.67   -51.03   -46.46   -41.96   -37.49   -33.04   -28.62   -24.19   -19.75   -15.30   -10.82   -6.30   -1.75    2.84    7.47   12.14   16.83   21.55   26.27   31.01   35.75   40.50   45.27   50.07   54.91   59.83   64.83   69.94  75.17 
114.00    -55.65   -51.03   -46.47   -41.97   -37.52   -33.08   -28.65   -24.23   -19.79   -15.33   -10.85   -6.33   -1.77    2.82    7.46   12.13   16.83   21.56   26.29   31.04   35.78   40.53   45.31   50.11   54.95   59.87   64.86   69.96  75.18 
115.00    -55.63   -51.02   -46.49   -42.00   -37.54   -33.12   -28.69   -24.27   -19.83   -15.37   -10.88   -6.36   -1.80    2.81    7.45   12.13   16.84   21.57   26.31   31.07   35.82   40.58   45.35   50.15   55.00   59.91   64.90   69.98  75.19 
116.00    -55.62   -51.03   -46.50   -42.03   -37.58   -33.15   -28.73   -24.30   -19.87   -15.40   -10.91   -6.38   -1.82    2.79    7.44   12.13   16.85   21.59   26.34   31.10   35.86   40.62   45.40   50.20   55.05   59.95   64.93   70.01  75.20 
117.00    -55.61   -51.04   -46.52   -42.05   -37.61   -33.19   -28.76   -24.34   -19.89   -15.43   -10.94   -6.41   -1.83    2.78    7.44   12.13   16.86   21.61   26.36   31.13   35.90   40.67   45.45   50.25   55.09   59.99   64.96   70.03  75.21 
118.00    -55.61   -51.05   -46.54   -42.08   -37.65   -33.22   -28.80   -24.37   -19.93   -15.46   -10.96   -6.43   -1.85    2.78    7.44   12.14   16.88   21.63   26.40   31.17   35.94   40.71   45.50   50.30   55.14   60.03   65.00   70.05  75.22 
119.00    -55.61   -51.07   -46.57   -42.12   -37.68   -33.26   -28.84   -24.41   -19.96   -15.49   -10.98   -6.45   -1.86    2.77    7.44   12.15   16.90   21.66   26.43   31.21   35.98   40.76   45.55   50.36   55.19   60.08   65.03   70.08  75.23 
120.00    -55.63   -51.09   -46.60   -42.15   -37.72   -33.29   -28.88   -24.44   -19.99   -15.51   -11.01   -6.46   -1.87    2.77    7.45   12.16   16.91   21.69   26.47   31.25   36.03   40.82   45.61   50.40   55.23   60.12   65.06   70.10  75.24 
121.00    -55.65   -51.12   -46.63   -42.19   -37.75   -33.34   -28.91   -24.47   -20.02   -15.54   -11.03   -6.47   -1.87    2.77    7.45   12.18   16.93   21.71   26.50   31.30   36.09   40.87   45.66   50.46   55.29   60.16   65.10   70.12  75.25 
122.00    -55.67   -51.15   -46.68   -42.23   -37.80   -33.37   -28.95   -24.51   -20.04   -15.56   -11.04   -6.48   -1.87    2.78    7.47   12.20   16.96   21.75   26.54   31.34   36.13   40.92   45.71   50.51   55.34   60.21   65.13   70.14  75.26 
123.00    -55.70   -51.19   -46.71   -42.27   -37.84   -33.42   -28.98   -24.54   -20.07   -15.58   -11.05   -6.49   -1.88    2.79    7.48   12.22   16.99   21.79   26.59   31.38   36.18   40.98   45.77   50.57   55.39   60.25   65.17   70.16  75.27 
124.00    -55.74   -51.23   -46.76   -42.32   -37.88   -33.46   -29.02   -24.57   -20.10   -15.60   -11.06   -6.49   -1.87    2.79    7.50   12.25   17.02   21.82   26.63   31.44   36.24   41.04   45.83   50.63   55.44   60.29   65.20   70.19  75.28 
125.00    -55.78   -51.28   -46.81   -42.36   -37.93   -33.50   -29.06   -24.61   -20.13   -15.62   -11.08   -6.50   -1.87    2.80    7.52   12.27   17.06   21.87   26.67   31.49   36.30   41.10   45.88   50.68   55.49   60.33   65.24   70.21  75.29 
126.00    -55.83   -51.32   -46.86   -42.42   -37.98   -33.54   -29.10   -24.63   -20.15   -15.64   -11.09   -6.50   -1.86    2.81    7.54   12.30   17.09   21.90   26.72   31.54   36.36   41.15   45.94   50.73   55.54   60.38   65.26   70.23  75.29 
127.00    -55.88   -51.38   -46.91   -42.47   -38.03   -33.59   -29.14   -24.67   -20.18   -15.65   -11.10   -6.50   -1.86    2.83    7.56   12.33   17.13   21.94   26.77   31.60   36.40   41.21   46.00   50.79   55.60   60.42   65.30   70.25  75.30 
128.00    -55.94   -51.44   -46.97   -42.52   -38.08   -33.63   -29.18   -24.70   -20.21   -15.67   -11.11   -6.50   -1.85    2.84    7.58   12.36   17.16   21.99   26.82   31.65   36.46   41.27   46.06   50.85   55.64   60.47   65.33   70.27  75.30 
129.00    -56.00   -51.50   -47.04   -42.58   -38.13   -33.68   -29.22   -24.74   -20.23   -15.69   -11.12   -6.50   -1.85    2.86    7.60   12.38   17.20   22.03   26.87   31.70   36.52   41.33   46.12   50.90   55.69   60.50   65.36   70.29  75.31 
130.00    -56.07   -51.57   -47.10   -42.64   -38.19   -33.73   -29.26   -24.77   -20.25   -15.71   -11.13   -6.50   -1.84    2.87    7.63   12.41   17.23   22.08   26.91   31.76   36.58   41.38   46.18   50.96   55.74   60.55   65.39   70.30  75.31 
131.00    -56.14   -51.64   -47.17   -42.71   -38.25   -33.79   -29.31   -24.81   -20.28   -15.73   -11.14   -6.51   -1.83    2.89    7.65   12.44   17.27   22.12   26.96   31.81   36.63   41.44   46.24   51.01   55.79   60.59   65.42   70.32  75.31 
132.00    -56.23   -51.72   -47.24   -42.78   -38.31   -33.84   -29.35   -24.85   -20.32   -15.75   -11.15   -6.51   -1.83    2.90    7.66   12.47   17.31   22.16   27.01   31.86   36.69   41.50   46.30   51.07   55.84   60.63   65.45   70.33  75.31 
133.00    -56.31   -51.80   -47.32   -42.85   -38.38   -33.89   -29.41   -24.89   -20.35   -15.77   -11.17   -6.51   -1.83    2.90    7.68   12.50   17.34   22.19   27.06   31.91   36.75   41.56   46.35   51.12   55.89   60.67   65.48   70.35  75.31 
134.00    -56.40   -51.88   -47.39   -42.92   -38.44   -33.95   -29.45   -24.93   -20.38   -15.80   -11.19   -6.52   -1.83    2.91    7.70   12.52   17.37   22.24   27.11   31.96   36.80   41.62   46.40   51.17   55.93   60.70   65.50   70.36  75.31 
135.00    -56.49   -51.97   -47.48   -42.99   -38.51   -34.02   -29.50   -24.97   -20.41   -15.83   -11.20   -6.54   -1.83    2.92    7.71   12.54   17.40   22.27   27.15   32.01   36.85   41.67   46.46   51.22   55.98   60.74   65.53   70.37  75.31 
136.00    -56.60   -52.06   -47.56   -43.07   -38.58   -34.08   -29.56   -25.02   -20.45   -15.85   -11.22   -6.55   -1.84    2.92    7.72   12.56   17.43   22.30   27.19   32.06   36.90   41.72   46.50   51.27   56.02   60.77   65.56   70.39  75.31 
137.00    -56.70   -52.16   -47.66   -43.15   -38.66   -34.14   -29.62   -25.07   -20.50   -15.89   -11.25   -6.57   -1.85    2.92    7.73   12.57   17.45   22.33   27.22   32.10   36.95   41.77   46.56   51.31   56.07   60.81   65.58   70.40  75.31 
138.00    -56.82   -52.26   -47.75   -43.24   -38.73   -34.21   -29.68   -25.12   -20.54   -15.93   -11.28   -6.59   -1.86    2.91    7.73   12.58   17.46   22.36   27.25   32.14   36.99   41.82   46.61   51.36   56.10   60.84   65.60   70.41  75.30 
139.00    -56.93   -52.37   -47.85   -43.33   -38.81   -34.28   -29.74   -25.17   -20.59   -15.96   -11.31   -6.61   -1.88    2.90    7.73   12.59   17.48   22.38   27.28   32.17   37.04   41.87   46.65   51.41   56.14   60.87   65.62   70.41  75.30 
140.00    -57.06   -52.48   -47.95   -43.42   -38.89   -34.36   -29.81   -25.24   -20.64   -16.01   -11.35   -6.65   -1.90    2.88    7.72   12.59   17.49   22.40   27.31   32.21   37.08   41.90   46.70   51.45   56.18   60.90   65.64   70.42  75.29 
141.00    -57.18   -52.60   -48.05   -43.52   -38.98   -34.44   -29.88   -25.30   -20.69   -16.06   -11.39   -6.68   -1.93    2.87    7.71   12.58   17.49   22.41   27.33   32.24   37.11   41.94   46.73   51.49   56.21   60.92   65.65   70.42  75.28 
142.00    -57.31   -52.72   -48.16   -43.62   -39.07   -34.52   -29.95   -25.37   -20.75   -16.11   -11.44   -6.72   -1.96    2.84    7.69   12.57   17.49   22.42   27.35   32.26   37.15   41.98   46.77   51.52   56.24   60.95   65.67   70.43  75.27 
143.00    -57.45   -52.84   -48.27   -43.72   -39.17   -34.61   -30.03   -25.44   -20.81   -16.17   -11.49   -6.77   -2.01    2.81    7.66   12.55   17.48   22.43   27.36   32.28   37.17   42.01   46.81   51.56   56.27   60.97   65.68   70.43  75.26 
144.00    -57.59   -52.97   -48.39   -43.83   -39.26   -34.70   -30.11   -25.51   -20.89   -16.23   -11.55   -6.82   -2.06    2.76    7.63   12.53   17.47   22.42   27.37   32.30   37.19   42.04   46.84   51.58   56.30   60.99   65.69   70.43  75.25 
145.00    -57.74   -53.10   -48.51   -43.94   -39.37   -34.79   -30.19   -25.59   -20.96   -16.30   -11.61   -6.89   -2.11    2.71    7.59   12.50   17.45   22.41   27.37   32.31   37.21   42.07   46.87   51.61   56.32   61.01   65.70   70.43  75.24 
146.00    -57.90   -53.24   -48.64   -44.06   -39.47   -34.88   -30.29   -25.68   -21.04   -16.37   -11.68   -6.95   -2.17    2.66    7.54   12.46   17.42   22.39   27.37   32.32   37.23   42.09   46.89   51.63   56.34   61.03   65.71   70.43  75.22 
147.00    -58.06   -53.38   -48.77   -44.17   -39.58   -34.98   -30.38   -25.76   -21.12   -16.46   -11.76   -7.02   -2.24    2.59    7.48   12.42   17.38   22.37   27.36   32.32   37.24   42.11   46.90   51.66   56.36   61.04   65.71   70.42  75.21 
148.00    -58.22   -53.53   -48.90   -44.29   -39.69   -35.09   -30.48   -25.85   -21.21   -16.54   -11.84   -7.10   -2.32    2.52    7.42   12.36   17.34   22.34   27.34   32.32   37.25   42.12   46.92   51.68   56.37   61.05   65.72   70.42  75.19 
149.00    -58.38   -53.68   -49.04   -44.42   -39.81   -35.19   -30.58   -25.95   -21.31   -16.64   -11.93   -7.19   -2.39    2.45    7.35   12.30   17.29   22.30   27.31   32.30   37.25   42.13   46.94   51.69   56.39   61.06   65.72   70.41  75.17 
150.00    -58.56   -53.83   -49.18   -44.55   -39.93   -35.31   -30.69   -26.06   -21.40   -16.73   -12.03   -7.28   -2.49    2.36    7.27   12.23   17.23   22.26   27.28   32.29   37.24   42.13   46.94   51.70   56.40   61.06   65.72   70.40  75.15 
151.00    -58.74   -53.99   -49.32   -44.68   -40.05   -35.43   -30.80   -26.16   -21.50   -16.83   -12.12   -7.38   -2.58    2.27    7.19   12.15   17.17   22.21   27.25   32.26   37.23   42.13   46.95   51.71   56.40   61.06   65.71   70.39  75.13 
152.00    -58.92   -54.16   -49.47   -44.81   -40.18   -35.55   -30.91   -26.27   -21.61   -16.93   -12.24   -7.49   -2.69    2.17    7.09   12.07   17.09   22.15   27.20   32.23   37.21   42.12   46.95   51.71   56.41   61.06   65.71   70.37  75.12 
153.00    -59.11   -54.32   -49.63   -44.95   -40.31   -35.67   -31.03   -26.38   -21.72   -17.05   -12.34   -7.60   -2.80    2.06    6.99   11.98   17.01   22.08   27.15   32.20   37.19   42.11   46.95   51.71   56.41   61.06   65.70   70.36  75.09 
154.00    -59.30   -54.50   -49.78   -45.10   -40.44   -35.79   -31.15   -26.50   -21.84   -17.17   -12.46   -7.71   -2.91    1.95    6.88   11.88   16.93   22.01   27.10   32.16   37.16   42.09   46.94   51.71   56.40   61.06   65.69   70.34  75.06 
155.00    -59.50   -54.68   -49.94   -45.25   -40.58   -35.93   -31.27   -26.62   -21.96   -17.29   -12.58   -7.84   -3.04    1.82    6.76   11.77   16.83   21.93   27.03   32.11   37.13   42.07   46.93   51.70   56.40   61.05   65.68   70.32  75.04 
156.00    -59.70   -54.86   -50.10   -45.40   -40.72   -36.06   -31.40   -26.75   -22.09   -17.42   -12.71   -7.97   -3.17    1.70    6.64   11.66   16.72   21.84   26.96   32.05   37.09   42.05   46.91   51.69   56.39   61.04   65.66   70.30  75.00 
157.00    -59.91   -55.04   -50.27   -45.56   -40.87   -36.20   -31.53   -26.88   -22.21   -17.55   -12.85   -8.10   -3.31    1.56    6.51   11.53   16.62   21.74   26.89   31.99   37.05   42.01   46.89   51.67   56.37   61.02   65.64   70.28  74.97 
158.00    -60.12   -55.22   -50.44   -45.72   -41.02   -36.34   -31.67   -27.01   -22.36   -17.68   -12.98   -8.25   -3.45    1.42    6.37   11.40   16.50   21.64   26.80   31.93   37.00   41.98   46.86   51.65   56.36   61.01   65.62   70.25  74.94 
159.00    -60.34   -55.42   -50.62   -45.88   -41.17   -36.48   -31.81   -27.15   -22.49   -17.82   -13.12   -8.39   -3.59    1.27    6.23   11.27   16.37   21.54   26.71   31.86   36.94   41.94   46.83   51.63   56.34   60.98   65.60   70.22  74.91 
160.00    -60.57   -55.61   -50.79   -46.04   -41.32   -36.63   -31.95   -27.29   -22.63   -17.96   -13.27   -8.53   -3.75    1.13    6.08   11.12   16.25   21.42   26.61   31.78   36.88   41.89   46.80   51.60   56.32   60.96   65.57   70.19  74.87 
161.00    -60.79   -55.81   -50.97   -46.21   -41.48   -36.78   -32.09   -27.43   -22.78   -18.11   -13.42   -8.70   -3.90    0.97    5.92   10.97   16.10   21.30   26.51   31.69   36.82   41.84   46.76   51.57   56.29   60.94   65.55   70.16  74.83 
162.00    -61.02   -56.02   -51.16   -46.38   -41.64   -36.93   -32.24   -27.58   -22.92   -18.26   -13.58   -8.85   -4.06    0.80    5.77   10.82   15.97   21.17   26.40   31.60   36.74   41.78   46.72   51.53   56.25   60.91   65.51   70.12  74.79 
163.00    -61.26   -56.23   -51.35   -46.55   -41.80   -37.08   -32.40   -27.73   -23.07   -18.41   -13.73   -9.01   -4.22    0.64    5.60   10.66   15.81   21.03   26.28   31.51   36.66   41.72   46.67   51.49   56.22   60.87   65.48   70.08  74.75 
164.00    -61.50   -56.44   -51.54   -46.73   -41.97   -37.25   -32.55   -27.88   -23.22   -18.56   -13.89   -9.17   -4.39    0.47    5.43   10.50   15.67   20.89   26.16   31.41   36.58   41.66   46.61   51.45   56.18   60.83   65.44   70.05  74.71 
165.00    -61.74   -56.65   -51.74   -46.91   -42.14   -37.41   -32.71   -28.04   -23.37   -18.72   -14.05   -9.33   -4.56    0.30    5.26   10.34   15.51   20.76   26.03   31.29   36.49   41.58   46.55   51.40   56.14   60.80   65.40   70.01  74.66 
166.00    -61.99   -56.87   -51.93   -47.10   -42.31   -37.58   -32.87   -28.19   -23.53   -18.88   -14.21   -9.50   -4.73    0.13    5.09   10.16   15.34   20.61   25.90   31.19   36.40   41.51   46.49   51.35   56.09   60.75   65.36   69.96  74.62 
167.00    -62.24   -57.09   -52.14   -47.28   -42.49   -37.74   -33.03   -28.35   -23.69   -19.04   -14.37   -9.67   -4.90   -0.05    4.91    9.99   15.18   20.45   25.77   31.06   36.30   41.42   46.42   51.29   56.04   60.70   65.31   69.92  74.57 
168.00    -62.51   -57.31   -52.34   -47.47   -42.67   -37.91   -33.19   -28.50   -23.85   -19.20   -14.53   -9.84   -5.08   -0.23    4.74    9.81   15.01   20.30   25.63   30.95   36.20   41.34   46.35   51.22   55.98   60.65   65.27   69.87  74.52 
169.00    -62.76   -57.54   -52.54   -47.66   -42.85   -38.08   -33.36   -28.67   -24.01   -19.36   -14.70   -10.01   -5.25   -0.40    4.56    9.64   14.84   20.14   25.48   30.82   36.09   41.24   46.27   51.16   55.92   60.60   65.21   69.81  74.46 
170.00    -63.02   -57.78   -52.75   -47.85   -43.03   -38.25   -33.52   -28.83   -24.17   -19.52   -14.87   -10.18   -5.42   -0.58    4.38    9.46   14.66   19.97   25.33   30.69   35.98   41.15   46.19   51.09   55.87   60.54   65.16   69.76  74.41 
171.00    -63.30   -58.01   -52.97   -48.05   -43.21   -38.43   -33.69   -29.00   -24.34   -19.69   -15.04   -10.35   -5.60   -0.75    4.20    9.28   14.49   19.81   25.18   30.55   35.86   41.05   46.11   51.02   55.80   60.48   65.10   69.70  74.35 
172.00    -63.57   -58.25   -53.19   -48.25   -43.40   -38.61   -33.86   -29.16   -24.50   -19.85   -15.20   -10.51   -5.77   -0.93    4.02    9.10   14.32   19.64   25.02   30.42   35.74   40.95   46.02   50.94   55.73   60.42   65.04   69.65  74.29 
173.00    -63.84   -58.48   -53.40   -48.45   -43.59   -38.78   -34.04   -29.33   -24.66   -20.02   -15.36   -10.68   -5.94   -1.11    3.84    8.92   14.14   19.47   24.87   30.27   35.62   40.84   45.92   50.85   55.66   60.35   64.98   69.58  74.23 
174.00    -64.13   -58.73   -53.63   -48.66   -43.78   -38.96   -34.21   -29.50   -24.83   -20.18   -15.53   -10.85   -6.11   -1.28    3.66    8.74   13.96   19.30   24.71   30.13   35.49   40.73   45.82   50.77   55.58   60.28   64.91   69.52  74.17 
175.00    -64.41   -58.98   -53.85   -48.86   -43.97   -39.14   -34.38   -29.67   -24.99   -20.34   -15.69   -11.02   -6.29   -1.46    3.48    8.56   13.79   19.13   24.55   29.98   35.35   40.61   45.72   50.68   55.50   60.21   64.84   69.45  74.10 
176.00    -64.70   -59.22   -54.07   -49.07   -44.17   -39.34   -34.56   -29.84   -25.16   -20.51   -15.86   -11.19   -6.46   -1.63    3.31    8.38   13.61   18.96   24.39   29.84   35.22   40.49   45.62   50.58   55.41   60.13   64.77   69.38  74.03 
177.00    -64.99   -59.48   -54.30   -49.29   -44.36   -39.52   -34.73   -30.01   -25.33   -20.67   -16.03   -11.35   -6.62   -1.80    3.13    8.21   13.43   18.78   24.23   29.68   35.09   40.36   45.51   50.49   55.32   60.05   64.69   69.31  73.96 
178.00    -65.29   -59.73   -54.53   -49.50   -44.57   -39.71   -34.91   -30.18   -25.50   -20.83   -16.19   -11.51   -6.79   -1.97    2.96    8.03   13.26   18.61   24.07   29.53   34.95   40.24   45.39   50.38   55.23   59.96   64.61   69.23  73.89 
179.00    -65.59   -59.99   -54.77   -49.71   -44.76   -39.89   -35.10   -30.35   -25.66   -21.00   -16.35   -11.67   -6.95   -2.14    2.79    7.87   13.09   18.45   23.90   29.37   34.80   40.11   45.27   50.27   55.13   59.87   64.53   69.16  73.81 
180.00    -65.89   -60.25   -55.00   -49.93   -44.97   -40.09   -35.28   -30.53   -25.82   -21.16   -16.51   -11.83   -7.11   -2.30    2.63    7.69   12.92   18.28   23.74   29.22   34.66   39.98   45.15   50.17   55.03   59.78   64.44   69.07  73.74 
