%Geographic coordinates of geomagnetic geomagnetic latitudes vs. geographic longitude derived by means of the APEX algorithm described on https://www.ngdc.noaa.gov/geomag/geom_util/apex.shtml
%Lon          Geodetic latitudes 
%         0(mag) 1(mag) 2(mag) 3(mag) 4(mag) 5(mag) 6(mag) 7(mag) 8(mag) 9(mag) 10(mag) 11(mag) 12(mag) 13(mag) 14(mag) 15(mag) 16(mag) 17(mag) 18(mag) 19(mag) 20(mag) 21(mag) 22(mag) 23(mag) 24(mag) 25(mag) 26(mag) 27(mag) 28(mag) 29(mag) 30(mag) 31(mag) 32(mag) 33(mag) 34(mag) 35(mag) 36(mag) 37(mag) 38(mag) 39(mag) 40(mag) 41(mag) 42(mag) 43(mag) 44(mag) 45(mag) 
138.00     7.73    8.70    9.67   10.64   11.61   12.58   13.56   14.53   15.51   16.49   17.46   18.44   19.42   20.40   21.38   22.36   23.34   24.32   25.30   26.27   27.25   28.24   29.21   30.19   31.17   32.14   33.12   34.09   35.06   36.03   36.99   37.96   38.93   39.89   40.86   41.82   42.78   43.74   44.70   45.65   46.61   47.56   48.51   49.47   50.42  51.36 
139.00     7.73    8.70    9.67   10.64   11.61   12.59   13.56   14.54   15.52   16.50   17.48   18.46   19.44   20.42   21.40   22.38   23.36   24.34   25.32   26.30   27.28   28.26   29.25   30.22   31.20   32.17   33.15   34.13   35.10   36.07   37.04   38.00   38.97   39.93   40.90   41.87   42.83   43.78   44.74   45.70   46.65   47.60   48.55   49.50   50.46  51.41 
140.00     7.72    8.69    9.66   10.64   11.61   12.59   13.57   14.55   15.53   16.51   17.49   18.47   19.45   20.43   21.42   22.40   23.38   24.37   25.35   26.33   27.31   28.29   29.27   30.25   31.23   32.21   33.18   34.16   35.14   36.11   37.08   38.05   39.01   39.98   40.94   41.90   42.87   43.83   44.78   45.74   46.70   47.65   48.60   49.55   50.50  51.45 
141.00     7.71    8.68    9.65   10.63   11.61   12.58   13.56   14.54   15.52   16.51   17.49   18.48   19.46   20.44   21.43   22.41   23.40   24.38   25.37   26.35   27.33   28.31   29.30   30.28   31.25   32.24   33.22   34.19   35.17   36.14   37.11   38.08   39.05   40.02   40.98   41.94   42.90   43.87   44.82   45.78   46.73   47.69   48.64   49.59   50.54  51.49 
142.00     7.69    8.66    9.64   10.61   11.59   12.57   13.55   14.54   15.52   16.50   17.49   18.48   19.46   20.45   21.44   22.42   23.41   24.40   25.38   26.37   27.35   28.33   29.32   30.30   31.28   32.26   33.24   34.22   35.19   36.17   37.15   38.12   39.09   40.05   41.02   41.98   42.94   43.90   44.86   45.82   46.77   47.72   48.68   49.63   50.58  51.52 
143.00     7.66    8.64    9.61   10.59   11.57   12.55   13.54   14.52   15.50   16.50   17.48   18.47   19.46   20.45   21.44   22.43   23.42   24.40   25.39   26.38   27.36   28.35   29.33   30.32   31.30   32.28   33.26   34.25   35.22   36.19   37.17   38.15   39.12   40.08   41.05   42.01   42.97   43.93   44.89   45.85   46.81   47.76   48.71   49.66   50.61  51.56 
144.00     7.63    8.60    9.58   10.56   11.55   12.53   13.51   14.50   15.49   16.48   17.47   18.46   19.45   20.44   21.43   22.42   23.41   24.40   25.39   26.38   27.37   28.36   29.35   30.33   31.32   32.30   33.28   34.26   35.24   36.22   37.19   38.17   39.14   40.11   41.08   42.04   43.00   43.96   44.92   45.88   46.84   47.79   48.74   49.69   50.64  51.58 
145.00     7.59    8.57    9.55   10.53   11.51   12.50   13.49   14.48   15.47   16.46   17.45   18.44   19.43   20.43   21.42   22.41   23.41   24.40   25.39   26.38   27.37   28.36   29.35   30.34   31.33   32.31   33.29   34.27   35.25   36.24   37.21   38.18   39.16   40.13   41.10   42.07   43.03   43.99   44.95   45.90   46.87   47.82   48.77   49.72   50.67  51.61 
146.00     7.54    8.52    9.50   10.49   11.48   12.46   13.45   14.44   15.44   16.43   17.42   18.41   19.41   20.40   21.40   22.39   23.39   24.39   25.38   26.37   27.37   28.36   29.35   30.34   31.33   32.32   33.30   34.28   35.26   36.25   37.23   38.20   39.17   40.15   41.12   42.09   43.05   44.01   44.97   45.93   46.89   47.84   48.79   49.74   50.69  51.63 
